Sequence  0.25 1 5 20 60 240 480  Start End
YLQTYHKLPDN 8 2.203444000542003900e-01 3.611618666704869418e-01 4.943529686115418209e-01 6.687416759827725654e-01 7.677735007037759241e-01 7.937776812465664467e-01 8.081376397443081894e-01 13 23
YLQTYHKLPDNY 9 1.984258286389647130e-01 3.255083494544229739e-01 4.472097115147410373e-01 6.107252495094390721e-01 7.152850841360589573e-01 7.815421907688433478e-01 8.165275765875653624e-01 13 24
LQTYHKLPDNY 10 2.204702253146455793e-01 3.616642738277643376e-01 4.968413416641427882e-01 6.783504430931224238e-01 7.940631690609520899e-01 8.656142714956083228e-01 9.017898357756671812e-01 14 24
YHKLPDN 11 2.917195320346128717e-01 4.523159469851460446e-01 6.485098139186994404e-01 8.817226586414287359e-01 9.875394997399306041e-01 9.999983608529701140e-01 9.999999999865856193e-01 17 23
YHKLPDNY 12 2.432927243458180289e-01 3.777010715725961920e-01 5.442449112061717997e-01 7.495317840760969963e-01 8.634311389543766202e-01 9.452357634556977084e-01 9.820061680183013175e-01 17 24
LQTYHKLPDNYITKSEA 13 1.648274090092592126e-01 2.955704678663034213e-01 4.335151697937875692e-01 5.922483790879937704e-01 6.879408198454267653e-01 7.615056174140050205e-01 8.070126713653297257e-01 14 30
YLQTYHKLPDNYITKSEAQAL 14 1.327933710502523512e-01 2.436091447846153724e-01 3.844459001059868375e-01 5.595506768617527493e-01 6.505689562717942298e-01 7.159237091709251821e-01 7.600239608170361594e-01 13 33
YHKLPDNYITKSEA 15 1.623279544484988735e-01 2.870654152483540500e-01 4.413854115972132841e-01 6.063135335781987267e-01 6.960942174882576161e-01 7.752891998736487489e-01 8.234265463840624300e-01 17 30
YHKLPDNYITKSEAQAL 16 1.332381406426703663e-01 2.426464457199360159e-01 4.065229636068912744e-01 6.014267379823662329e-01 6.925697441019840195e-01 7.639028764862222376e-01 8.111477665171895612e-01 17 33
ITKSEAQALGWVASKGNL 17 1.536705568476092743e-01 2.268271976035237114e-01 3.674653165632260077e-01 5.297779738750933998e-01 6.398990288132168081e-01 7.809328216824290569e-01 8.424617796557974936e-01 25 42
ITKSEAQALGWVASKGNLAD 18 1.397049326139746250e-01 2.112977633549270318e-01 3.601990811578285601e-01 5.323129762485702132e-01 6.449982566797514139e-01 7.960505728205266029e-01 8.578463328359817730e-01 25 44
GWVASKGNL 19 2.567244603885631138e-01 3.007186750895058380e-01 3.856663922176726267e-01 4.608847704874983187e-01 5.861979579537612839e-01 8.165476873751444931e-01 8.915086805445406881e-01 34 42
WVASKGNL 20 2.933780530172845347e-01 3.435931837881565087e-01 4.403355900102778331e-01 5.250290544930432679e-01 6.649115247414479901e-01 9.141188678428066039e-01 9.832580064044499357e-01 35 42
