Sequence  0.25 1 5 20 60 240 480  Start End
WLIYKTTDHY 32 4.297796626237061768e-02 1.396574801007008093e-01 3.355197226253831544e-01 4.548155256428282889e-01 5.173032205750085488e-01 5.650692527211211846e-01 5.778397809230979565e-01 94 103
WLIYKTTDHYQT 33 5.415597156946760915e-02 1.777653816228029759e-01 4.285051626753524912e-01 5.535140692429557641e-01 6.050662620549271953e-01 6.441475704081901510e-01 6.545961843916255907e-01 94 105
WLIYKTTDHYQTF 34 5.790046796091985470e-02 1.913884500635329722e-01 4.657914689605748282e-01 5.907014907312911900e-01 6.379774068825757594e-01 6.738019395408408885e-01 6.833798356923234119e-01 94 106
LIYKTTDHYQTF 35 6.278073477451207030e-02 2.072634267693166110e-01 5.007675089437776395e-01 6.183209402739199279e-01 6.380334101260918267e-01 6.457197551260007717e-01 6.546233738042818162e-01 95 106
IYKTTDHYQTF 36 6.905212465796958798e-02 2.279630377503798488e-01 5.507106727980702887e-01 6.796197559175555236e-01 7.002454323967876038e-01 7.040767879281559782e-01 7.080420808927613274e-01 96 106
KTTDHYQTF 37 8.631412967833362870e-02 2.849496926378848327e-01 6.883678189517440371e-01 8.494426172814647513e-01 8.750606421650498623e-01 8.791129108761372990e-01 8.830904943805863994e-01 98 106
LIYKTTDHYQTFTKIR 38 5.320396589032382745e-02 1.777228199627256255e-01 4.478782123647234714e-01 5.927166829964092276e-01 6.566350116700826467e-01 7.079554143235774477e-01 7.317535413004973011e-01 95 110
IYKTTDHYQTFTKIR 39 5.699947517249432521e-02 1.903982130344428758e-01 4.797740939335714550e-01 6.346726757934695318e-01 7.024008562594359351e-01 7.540844134106580166e-01 7.754190583277124071e-01 96 110
YKTTDHYQTFTKIR 40 6.138380186780544728e-02 2.050432361546866422e-01 5.166748272600713010e-01 6.834737879507462033e-01 7.563721180305754688e-01 8.118528901246112595e-01 8.345913814232998051e-01 97 110
KTTDHYQTFTKIR 41 6.649870360515780510e-02 2.221285121734567214e-01 5.597227615586041205e-01 7.403967366820615181e-01 8.193035667487188478e-01 8.791097662897291443e-01 9.033474968920875980e-01 98 110
