Sequence  0.25 1 5 20 60 240 480  Start End
AQVINTF 1 1.692801894168164678e-01 3.503158559668953509e-01 6.625662737850654960e-01 8.282293797851923989e-01 8.539687617723895618e-01 9.019002598648708791e-01 9.422586459125220637e-01 1 7
AQVINTFDG 2 1.865771165183635061e-01 4.029150992868951731e-01 7.158045673589481517e-01 8.706920226207280900e-01 8.904765642508636336e-01 9.264251948986531593e-01 9.566939844343915755e-01 1 9
AQVINTFDGVAD 3 1.357446409493081041e-01 2.932378027743630655e-01 5.216248651002949321e-01 6.373379879901337475e-01 6.595437902547133247e-01 7.152031697746242811e-01 7.656798260341215467e-01 1 12
AQVINTFDGVADY 4 1.245073077267208478e-01 2.690997982258021004e-01 4.796378688781346988e-01 5.899972442934857675e-01 6.207228887069938805e-01 7.037137099386884254e-01 7.703189885899980327e-01 1 13
NTFDGVAD 5 8.205903140416583030e-02 2.116579440807517531e-01 4.266291820587172490e-01 5.671623827032655774e-01 5.901260308662344967e-01 6.365476154759479588e-01 6.812751729857435823e-01 5 12
TFDGVAD 6 9.016622621057639175e-02 2.257489788506428230e-01 4.155256183054975572e-01 5.060133909943803632e-01 5.218614960887865140e-01 5.759722180552736548e-01 6.281543684833675867e-01 6 12
FDGVADY 7 7.973442603662518613e-02 1.878837404847089054e-01 2.967094639712040127e-01 3.517651088017791916e-01 3.874770156415981437e-01 5.055271600125060827e-01 5.983793312674742237e-01 7 13
YLQTYHKLPDN 8 2.203444000542003900e-01 3.611618666704869418e-01 4.943529686115418209e-01 6.687416759827725654e-01 7.677735007037759241e-01 7.937776812465664467e-01 8.081376397443081894e-01 13 23
YLQTYHKLPDNY 9 1.984258286389647130e-01 3.255083494544229739e-01 4.472097115147410373e-01 6.107252495094390721e-01 7.152850841360589573e-01 7.815421907688433478e-01 8.165275765875653624e-01 13 24
LQTYHKLPDNY 10 2.204702253146455793e-01 3.616642738277643376e-01 4.968413416641427882e-01 6.783504430931224238e-01 7.940631690609520899e-01 8.656142714956083228e-01 9.017898357756671812e-01 14 24
YHKLPDN 11 2.917195320346128717e-01 4.523159469851460446e-01 6.485098139186994404e-01 8.817226586414287359e-01 9.875394997399306041e-01 9.999983608529701140e-01 9.999999999865856193e-01 17 23
YHKLPDNY 12 2.432927243458180289e-01 3.777010715725961920e-01 5.442449112061717997e-01 7.495317840760969963e-01 8.634311389543766202e-01 9.452357634556977084e-01 9.820061680183013175e-01 17 24
LQTYHKLPDNYITKSEA 13 1.648274090092592126e-01 2.955704678663034213e-01 4.335151697937875692e-01 5.922483790879937704e-01 6.879408198454267653e-01 7.615056174140050205e-01 8.070126713653297257e-01 14 30
YLQTYHKLPDNYITKSEAQAL 14 1.327933710502523512e-01 2.436091447846153724e-01 3.844459001059868375e-01 5.595506768617527493e-01 6.505689562717942298e-01 7.159237091709251821e-01 7.600239608170361594e-01 13 33
YHKLPDNYITKSEA 15 1.623279544484988735e-01 2.870654152483540500e-01 4.413854115972132841e-01 6.063135335781987267e-01 6.960942174882576161e-01 7.752891998736487489e-01 8.234265463840624300e-01 17 30
YHKLPDNYITKSEAQAL 16 1.332381406426703663e-01 2.426464457199360159e-01 4.065229636068912744e-01 6.014267379823662329e-01 6.925697441019840195e-01 7.639028764862222376e-01 8.111477665171895612e-01 17 33
ITKSEAQALGWVASKGNL 17 1.536705568476092743e-01 2.268271976035237114e-01 3.674653165632260077e-01 5.297779738750933998e-01 6.398990288132168081e-01 7.809328216824290569e-01 8.424617796557974936e-01 25 42
ITKSEAQALGWVASKGNLAD 18 1.397049326139746250e-01 2.112977633549270318e-01 3.601990811578285601e-01 5.323129762485702132e-01 6.449982566797514139e-01 7.960505728205266029e-01 8.578463328359817730e-01 25 44
GWVASKGNL 19 2.567244603885631138e-01 3.007186750895058380e-01 3.856663922176726267e-01 4.608847704874983187e-01 5.861979579537612839e-01 8.165476873751444931e-01 8.915086805445406881e-01 34 42
WVASKGNL 20 2.933780530172845347e-01 3.435931837881565087e-01 4.403355900102778331e-01 5.250290544930432679e-01 6.649115247414479901e-01 9.141188678428066039e-01 9.832580064044499357e-01 35 42
ADVAPGKSIGGDIFS 21 8.606149950117400471e-02 1.111836471180369379e-01 2.033090794002407331e-01 3.287582863226319319e-01 4.496192032483969925e-01 6.202700206496403190e-01 6.860390801654484561e-01 43 57
IFSNREGKLPGKSGRTWREADINY 22 3.624296791148415853e-01 4.844215173928549945e-01 5.888973525516801866e-01 6.579032477923990596e-01 6.980333406284894293e-01 7.382658219750006801e-01 7.609684711112078004e-01 55 78
FSNREGKLPGKSGRTWREADINY 23 3.796374591722302405e-01 5.072864289572993624e-01 6.159347833531499949e-01 6.853363292573642074e-01 7.205161084816485983e-01 7.429016440110514097e-01 7.557261636381001901e-01 56 78
REGKLPGKSGRTWREADINY 24 2.762812110262931053e-01 4.251675004501941357e-01 5.519239139120083459e-01 6.328923841335915013e-01 6.739354598952567166e-01 7.000519180128932373e-01 7.150138575777835737e-01 59 78
INYTSGFRNSD 25 3.939681848010351262e-01 6.262272474904608810e-01 7.539667643430065791e-01 8.481633776453255669e-01 9.104656426631174693e-01 9.575697506292268901e-01 9.820011841507779726e-01 76 86
INYTSGFRNSDRIL 26 3.030564072162782452e-01 4.817290962595335846e-01 5.800535650912580499e-01 6.527496842598530247e-01 7.013054836288847849e-01 7.403517629570041114e-01 7.628271670701338714e-01 76 89
TSGFRNSDRIL 27 3.412585362672997946e-01 5.228857545339360424e-01 6.142727671477981044e-01 6.564297159795550174e-01 6.927240429995888960e-01 7.048823028444846095e-01 7.096741327659908949e-01 79 89
SGFRNSDRIL 28 2.824810109934199343e-01 4.699045455493318091e-01 5.714141857197756469e-01 6.182552399772833773e-01 6.585822699995431684e-01 6.720914476049829611e-01 6.774157030733232165e-01 80 89
GFRNSDRIL 29 2.996970753041184876e-01 4.705196892686955845e-01 5.233205268701943691e-01 5.705376065632024041e-01 6.159050537494861199e-01 6.311028785556057619e-01 6.370926659574884798e-01 81 89
RILYSSDW 30 1.243544361870662918e-01 1.611555353334859220e-01 2.189082428805770031e-01 3.173409600787913121e-01 3.844513961500365395e-01 4.356546373528226157e-01 4.456733041250634519e-01 87 94
RILYSSDWL 31 1.093373232901086872e-01 1.431065567042892339e-01 2.016765911636728137e-01 3.135342832892393794e-01 4.160651430317692245e-01 5.040360536967301019e-01 5.149267556670283907e-01 87 95
WLIYKTTDHY 32 4.297796626237061768e-02 1.396574801007008093e-01 3.355197226253831544e-01 4.548155256428282889e-01 5.173032205750085488e-01 5.650692527211211846e-01 5.778397809230979565e-01 94 103
WLIYKTTDHYQT 33 5.415597156946760915e-02 1.777653816228029759e-01 4.285051626753524912e-01 5.535140692429557641e-01 6.050662620549271953e-01 6.441475704081901510e-01 6.545961843916255907e-01 94 105
WLIYKTTDHYQTF 34 5.790046796091985470e-02 1.913884500635329722e-01 4.657914689605748282e-01 5.907014907312911900e-01 6.379774068825757594e-01 6.738019395408408885e-01 6.833798356923234119e-01 94 106
LIYKTTDHYQTF 35 6.278073477451207030e-02 2.072634267693166110e-01 5.007675089437776395e-01 6.183209402739199279e-01 6.380334101260918267e-01 6.457197551260007717e-01 6.546233738042818162e-01 95 106
IYKTTDHYQTF 36 6.905212465796958798e-02 2.279630377503798488e-01 5.507106727980702887e-01 6.796197559175555236e-01 7.002454323967876038e-01 7.040767879281559782e-01 7.080420808927613274e-01 96 106
KTTDHYQTF 37 8.631412967833362870e-02 2.849496926378848327e-01 6.883678189517440371e-01 8.494426172814647513e-01 8.750606421650498623e-01 8.791129108761372990e-01 8.830904943805863994e-01 98 106
LIYKTTDHYQTFTKIR 38 5.320396589032382745e-02 1.777228199627256255e-01 4.478782123647234714e-01 5.927166829964092276e-01 6.566350116700826467e-01 7.079554143235774477e-01 7.317535413004973011e-01 95 110
IYKTTDHYQTFTKIR 39 5.699947517249432521e-02 1.903982130344428758e-01 4.797740939335714550e-01 6.346726757934695318e-01 7.024008562594359351e-01 7.540844134106580166e-01 7.754190583277124071e-01 96 110
YKTTDHYQTFTKIR 40 6.138380186780544728e-02 2.050432361546866422e-01 5.166748272600713010e-01 6.834737879507462033e-01 7.563721180305754688e-01 8.118528901246112595e-01 8.345913814232998051e-01 97 110
KTTDHYQTFTKIR 41 6.649870360515780510e-02 2.221285121734567214e-01 5.597227615586041205e-01 7.403967366820615181e-01 8.193035667487188478e-01 8.791097662897291443e-01 9.033474968920875980e-01 98 110
