Sequence  0.25 1 5 20 60 240 480  Start End
LVYKERVGE 26 2.756621360221174488e-02 8.999933886093115787e-02 2.156250004858182856e-01 3.065493465540197748e-01 3.748022144487152540e-01 4.585999334855280218e-01 5.014099488143717309e-01 62 70
LVYKERVGEY 27 2.450386378959990008e-02 8.000166354314748596e-02 1.916779227539932018e-01 2.725333238291835491e-01 3.332925165919454757e-01 4.081833726247279248e-01 4.467730923221313044e-01 62 71
LVYKERVGEYS 28 2.205493374915362681e-02 7.200732241563354008e-02 1.725392532194687800e-01 2.453964315316020106e-01 3.003121785978299929e-01 3.687534025538138360e-01 4.048532418384496734e-01 62 72
LVYKERVGEYSL 29 2.005046540693304624e-02 6.546330471769608306e-02 1.568643786852269573e-01 2.231297062242744156e-01 2.731371367219497803e-01 3.357335791030305328e-01 3.690520425031913465e-01 62 73
VYKERVGE 30 3.150351042939092405e-02 1.028534525425540552e-01 2.464138989512557054e-01 3.502834272591967557e-01 4.281694109845253782e-01 5.234116014538449102e-01 5.716381806227470719e-01 63 70
VYKERVGEYSL 31 2.205499836643060041e-02 7.200758088050859818e-02 1.725405454309740239e-01 2.454015986849237829e-01 3.003276665243402865e-01 3.688151112426026335e-01 4.049760141379360467e-01 63 73
YKERVGE 32 3.675154528167304951e-02 1.199854939899754891e-01 2.874318851375821660e-01 4.084601041859836634e-01 4.989200446393713406e-01 6.082165328765898327e-01 6.620859789375336257e-01 64 70
YKERVGEY 33 3.150204813982049323e-02 1.028476035629615898e-01 2.463846588178408015e-01 3.501665381637708019e-01 4.278193145105735895e-01 5.220214404282665921e-01 5.688848734299155607e-01 64 71
YKERVGEYSL 34 2.450385359428976229e-02 8.000162277189562521e-02 1.916777191640492151e-01 2.725325134611958355e-01 3.332901173542170969e-01 4.081743443898501744e-01 4.467565278494813885e-01 64 73
