Sequence  0.25 1 5 20 60 240 480  Start End
HTDLSGKV 1 1.565403725697079584e-01 2.427807740100154377e-01 4.012901500729165183e-01 5.206064798217344691e-01 5.879671200826471766e-01 6.555103508967095038e-01 7.046724543897385784e-01 1 8
HTDLSGKVFVF 2 1.095931626504071110e-01 1.700061435984696612e-01 2.812009643391303326e-01 3.656137318114257573e-01 4.151267302876356924e-01 4.727413276990663493e-01 5.202299540497012931e-01 1 11
HTDLSGKVFVFPRESVTDHVNL 3 1.048453192112963200e-01 1.843496686311098531e-01 2.700483544077528775e-01 3.715925086512807951e-01 4.660259252979793709e-01 5.567948451350569483e-01 6.014194326290192016e-01 1 22
TDLSGKVFVFPRE 4 1.428897682531698188e-01 2.361111331533758129e-01 3.336169202453538873e-01 3.894460677571778828e-01 4.322916312716708620e-01 5.166087985854089792e-01 5.636634991682651918e-01 2 14
SGKVFVFPRE 5 1.719841771898304450e-01 2.431480600548214799e-01 2.599249913840655513e-01 2.867335697365837044e-01 3.410896186681341424e-01 4.476055966581312662e-01 5.008710375852876151e-01 5 14
FVFPRESVT 6 1.420552759385151353e-01 2.801152373252493999e-01 3.520186542051516043e-01 4.787492710197128187e-01 6.133292224440339835e-01 7.189798563053814151e-01 7.366233287637543592e-01 9 17
FVFPRESVTD 7 1.250659221111073693e-01 2.481428921029279477e-01 3.225040884495078419e-01 4.675376162545431535e-01 6.331585218907888057e-01 7.537693665775686558e-01 7.695444986746990956e-01 9 18
FVFPRESVTDHVNL 8 8.342186447407901051e-02 1.656068639147258992e-01 2.158923918960183042e-01 3.152253754513744677e-01 4.325099716849627463e-01 5.408399996204332760e-01 5.820391247551790492e-01 9 22
VFPRESVTDHVNL 9 9.100437705674134514e-02 1.806568603574374710e-01 2.354931109004954060e-01 3.437788235927514147e-01 4.715192002189782516e-01 5.887741555866089493e-01 6.325022653524885463e-01 10 22
FPRESVTDHVNL 10 1.000974757721855568e-01 1.986931936637500173e-01 2.588957444763754223e-01 3.775712854911357219e-01 5.169251203083232715e-01 6.408483625710477138e-01 6.826089112083371102e-01 11 22
PRESVTDHVNL 11 1.000974757721855568e-01 1.986931936637500173e-01 2.588957444763754223e-01 3.775712854911357219e-01 5.169251203083232715e-01 6.408483625710477138e-01 6.826089112083371102e-01 12 22
PRESVTDHVNLIT 12 1.071855124480731725e-01 2.272163985829195321e-01 2.994031263094300566e-01 3.996629604528187940e-01 5.190631843566350101e-01 6.355079579720740446e-01 6.844964938372615215e-01 12 24
RESVTDHVNLI 13 9.979990846834665974e-02 1.975091364359387869e-01 2.531377461732584599e-01 3.567840191452608112e-01 4.688651679459009958e-01 5.670828592157153292e-01 6.215958975968923772e-01 13 23
SVTDHVNL 14 7.256943255163943174e-02 1.460299304199883241e-01 2.025197520416880115e-01 3.112656676221079444e-01 4.115282182846037862e-01 4.938887048319771655e-01 5.468723136736945989e-01 15 22
SVTDHVNLIT 15 8.813749105738871714e-02 1.957638176997169577e-01 2.690575928045803034e-01 3.554558159863582811e-01 4.378005041320681134e-01 5.194258670864724259e-01 5.795527788532922608e-01 15 24
VTDHVNL 16 8.182228972047006499e-02 1.592875481518722658e-01 1.877627250960477168e-01 2.385766013797506468e-01 3.161358505185525303e-01 4.095368335512546420e-01 4.713510326193111055e-01 16 22
