Sequence  0.25 1 5 20 60 240 480  Start End
SWESSSGIAE 36 2.154056937333721083e-02 7.382551981150742293e-02 1.921026578081937164e-01 2.420706319301656750e-01 2.775794077428167528e-01 3.770726593185323994e-01 4.408026352215264065e-01 97 106
WESSSGIAEFWINGT 37 1.543398381770016113e-02 5.369984152157598195e-02 1.521167702453893600e-01 2.418832706875476968e-01 3.322020171734897387e-01 4.777035000298129885e-01 5.533134488553891339e-01 98 112
ESSSGIAE 38 2.766963068147633778e-02 9.481699912341967629e-02 2.464820855004773714e-01 3.092142374943976368e-01 3.508987269678332521e-01 4.620416709932330668e-01 5.241251936335900030e-01 99 106
ESSSGIAEF 39 2.430457749821116065e-02 8.333905606955686884e-02 2.175315665114186670e-01 2.778370504330073820e-01 3.276147292559119517e-01 4.684124004114831319e-01 5.539643333191497376e-01 99 107
SSSGIAE 40 3.201055250189007578e-02 1.095397339832551165e-01 2.822314860384583235e-01 3.404275978585349915e-01 3.555466188483031309e-01 4.073905084269884846e-01 4.521663210980381709e-01 100 106
SSSGIAEF 41 2.754464574667076643e-02 9.431883694172113475e-02 2.440381214026796641e-01 3.001089040220694115e-01 3.282723511946116779e-01 4.224786509858806660e-01 4.965480339580424785e-01 100 107
FWINGTPLVKKGLRQGY 42 8.408707458624016876e-03 3.241307078734200625e-02 1.353113090246435279e-01 3.297913300021889649e-01 4.813007965886694217e-01 6.142006246628189947e-01 6.786031938070128389e-01 107 123
FWINGTPLVKKGLRQGYF 43 2.060666787412371997e-02 6.774193129150124504e-02 1.886955334057332234e-01 3.716793711053958393e-01 5.137194968018775620e-01 6.383130856213927729e-01 6.986904941940745850e-01 107 124
WINGTPLVKKGLRQGY 44 9.005815107418617751e-03 3.471423391655122093e-02 1.449061491180384798e-01 3.530672542540128078e-01 5.148409295379554607e-01 6.547767137661109071e-01 7.206361161216180422e-01 108 123
WINGTPLVKKGLRQGYF 45 2.197716570736532940e-02 7.224494091237379512e-02 2.012096657849744286e-01 3.961961031473119066e-01 5.471848675687583929e-01 6.777915995150368689e-01 7.392603750468434987e-01 108 124
INGTPLVKKGLRQGY 46 9.697529596814750269e-03 3.738039761142067374e-02 1.560319682699368160e-01 3.801430767635031738e-01 5.541947566693046223e-01 7.041517062061940502e-01 7.740975737205109120e-01 109 123
INGTPLVKKGLRQGYF 47 2.354599706180078925e-02 7.740142912873990144e-02 2.155624633308040328e-01 4.244185703985028923e-01 5.860379883357829112e-01 7.252837271914659434e-01 7.902334613119029738e-01 109 124
NGTPLVKKGLRQGY 48 1.038662872988061793e-02 4.002033651894389837e-02 1.666860929218582088e-01 4.028172261317148894e-01 5.761780785827846918e-01 7.006270095798239339e-01 7.606297534785362302e-01 110 123
NGTPLVKKGLRQGYF 49 2.524735529732205150e-02 8.291683669855512417e-02 2.299763087834135744e-01 4.487543616333906082e-01 6.087797648456473310e-01 7.236557011506067338e-01 7.790428493648027253e-01 110 124
NGTPLVKKGLRQGYFVEA 50 2.071705084886543008e-02 6.818258050551348481e-02 1.908754754072369830e-01 3.800631619292086927e-01 5.364678507965647825e-01 7.003049020759669618e-01 7.830186393178568682e-01 110 127
GTPLVKKGLRQGYF 51 2.612050674949844067e-02 8.501139345092563471e-02 2.276912405338102074e-01 4.281594798670821933e-01 5.785217582361509292e-01 7.006270617157072111e-01 7.606297534785687597e-01 111 124
PLVKKGLRQGY 52 1.046505468750758006e-02 4.017469310571156887e-02 1.643464349032997818e-01 3.795847993420974342e-01 5.227065981725964594e-01 6.414104192597492871e-01 7.127600330931563866e-01 113 123
PLVKKGLRQGYF 53 2.802060190742682380e-02 9.085652453736414724e-02 2.393566589231887198e-01 4.359861800976794211e-01 5.660969074296331449e-01 6.740094720543174933e-01 7.388727573574148666e-01 113 124
LVKKGLRQGY 54 1.162258017787385148e-02 4.461751593310406966e-02 1.825020298852740863e-01 4.213410044641524577e-01 5.795302121658570949e-01 7.077430548701044710e-01 7.823044196141978324e-01 114 123
FVEAQPKIVL 55 8.383970106086297003e-04 3.345167229855172675e-03 1.650401445384228061e-02 6.284612434814229598e-02 1.664112920024318765e-01 4.187007499944271904e-01 5.390885622082715045e-01 124 133
FVEAQPKIVLGQEQ 56 6.305927757564074856e-04 2.516647688438085947e-03 1.243244160811431652e-02 4.757306094343504571e-02 1.276277168119083760e-01 3.402456916033813616e-01 4.687400584480030941e-01 124 137
FVEAQPKIVLGQEQD 57 5.949280804764448373e-04 2.374416307003259473e-03 1.173254180716719851e-02 4.493424408320524643e-02 1.208317006395144139e-01 3.254653139562119213e-01 4.537806480054654701e-01 124 138
FVEAQPKIVLGQEQDS 58 6.966049108161422075e-04 2.779758283271546206e-03 1.372331147284566732e-02 5.238527887460864285e-02 1.396469495323388321e-01 3.633779522687635710e-01 4.913201523915303737e-01 124 139
FVEAQPKIVLGQEQDSYGGKF 59 1.296303947904443692e-02 4.716116570800024665e-02 1.533710255792788413e-01 2.527534120113081872e-01 3.412019568705020878e-01 5.283526126306701265e-01 6.250589989987713757e-01 124 144
VEAQPKIVL 60 8.022998698172642464e-04 3.200595336321253054e-03 1.577646959267042792e-02 5.987716334001486757e-02 1.572571791396557284e-01 3.857489013587774296e-01 4.908077598921770646e-01 125 133
VEAQPKIVLGQE 61 6.120200757141370119e-04 2.442001908696556003e-03 1.204997660129978297e-02 4.591774747705675008e-02 1.219173029189666996e-01 3.144172294436397008e-01 4.252761381938027219e-01 125 136
VEAQPKIVLGQEQ 62 5.887305739026092288e-04 2.349327434242219886e-03 1.159931552866604910e-02 4.429526181056238354e-02 1.182765927000941214e-01 3.121440553451454991e-01 4.316205929959186505e-01 125 137
VEAQPKIVLGQEQD 63 5.535823375037995930e-04 2.209186792204146602e-03 1.091051791759402832e-02 4.170969347305283209e-02 1.116935021893185054e-01 2.984737825822315616e-01 4.185078538041765994e-01 125 138
VEAQPKIVLGQEQDS 64 6.662609042521386695e-04 2.658418883169926146e-03 1.311765631829185305e-02 4.998192714149897464e-02 1.326590162623752511e-01 3.413790493322086950e-01 4.616483042354225241e-01 125 139
VEAQPKIVLGQEQDSYGGKF 65 1.362259295031644987e-02 4.953916544263400890e-02 1.606918143069029081e-01 2.621492209338789348e-01 3.473526165832041546e-01 5.216297749743754597e-01 6.110592668086513024e-01 125 144
VEAQPKIVLGQEQDSYGGKFDRSQS 66 5.570133996923378600e-02 9.641651959846569975e-02 2.089053606675258523e-01 3.029451502982905553e-01 3.870670702922216488e-01 5.621783248743996708e-01 6.472564298245638836e-01 125 149
EAQPKIVL 67 8.649616557042475460e-04 3.449990160939275796e-03 1.699052493771454134e-02 6.426697453331954579e-02 1.672536821521542760e-01 3.940525448921460838e-01 4.794412025396339594e-01 126 133
EAQPKIVLGQEQDSYGGKF 68 1.439884376183533758e-02 5.235298538698817533e-02 1.696447364706968608e-01 2.755969223899784604e-01 3.620628786725300086e-01 5.325534652576583428e-01 6.141211587381346648e-01 126 144
AQPKIVL 69 6.899962736417686532e-04 2.751785366368442176e-03 1.354330465986470708e-02 5.111302103037549532e-02 1.323883332535669699e-01 3.104503363395665905e-01 3.823934620645793592e-01 127 133
PKIVLGQEQDSYGGKF 70 1.604136528494740435e-02 5.822763446336075982e-02 1.868286109466677225e-01 2.919266686986599635e-01 3.581690160080556740e-01 4.892681567544373555e-01 5.656613730495455572e-01 129 144
SYGGKFDRSQSF 71 1.156856401666729178e-01 1.984828118939298003e-01 4.214313679762600184e-01 5.748878106343021654e-01 6.541138617197219673e-01 7.781374255565153275e-01 8.196010223159906349e-01 139 150
GGKFDRSQSF 72 1.348915587871294119e-01 2.185583535827791135e-01 4.327474476648991430e-01 5.679425147722442224e-01 6.294176599893026580e-01 7.342337080941554461e-01 7.797747108867406629e-01 141 150
DRSQSFVGEIGDL 73 8.648416254780000312e-02 1.111170464126682994e-01 1.624715526084833384e-01 1.994180177903854545e-01 2.537503803829673221e-01 3.895297605127357454e-01 4.623930201809444696e-01 145 157
SFVGEIG 74 1.241478146191502820e-04 4.961912199733520268e-04 2.470330006064243907e-03 9.724394005996247689e-03 2.797281298589256518e-02 9.372289516836092294e-02 1.523306178664942945e-01 149 155
FVGEIGDL 75 4.084615319642453230e-04 1.630965786944168746e-03 8.078703208456097448e-03 3.121271009524438297e-02 8.566436077339138755e-02 2.428726132170881680e-01 3.423830493966173449e-01 150 157
VGEIGDLYM 76 2.857948026361301075e-04 1.140952434700318041e-03 5.645948293528157969e-03 2.173455007502356207e-02 5.910618648318910484e-02 1.623731787239873214e-01 2.246959407491191385e-01 151 159
YMWDSVL 77 1.011332492307378227e-02 3.889592692733020302e-02 1.596182101887284877e-01 3.572713141093766254e-01 4.825348768254089094e-01 6.386316152352418118e-01 6.708425920227294448e-01 158 164
YMWDSVLPPEN 78 5.365199843859361217e-02 1.393839678841383156e-01 2.757099721664910685e-01 4.780065288461680106e-01 6.078214309109958302e-01 7.289735695878929445e-01 7.531319440168861012e-01 158 168
YMWDSVLPPENIL 79 4.297038055418191810e-02 1.117022276269200864e-01 2.215412770824086164e-01 3.862691055759125969e-01 4.976186918174247964e-01 6.247823136781505138e-01 6.768159758449423524e-01 158 170
YMWDSVLPPENILSA 80 3.590043959145209490e-02 9.345192622041864627e-02 1.864402744812331258e-01 3.290175817098976441e-01 4.348326821826231647e-01 5.837658205324595118e-01 6.598708294210401393e-01 158 172
WDSVLPPEN 81 7.153215262591738899e-02 1.858299096516949633e-01 3.675364001411806636e-01 6.370345774170340647e-01 8.095071765823119714e-01 9.682968244393640456e-01 9.968867552362071782e-01 160 168
WDSVLPPENIL 82 5.371009172357182893e-02 1.396162488882830011e-01 2.768689242924051164e-01 4.826057861864983534e-01 6.213323162975192826e-01 7.782269408393183152e-01 8.405530922164472507e-01 160 170
WDSVLPPENILSA 83 4.307822033441806309e-02 1.121330829482087010e-01 2.236821917289952000e-01 3.946366214251632587e-01 5.212463798397384274e-01 6.983182236322555969e-01 7.874714932334635487e-01 160 172
DSVLPPENIL 84 6.100377347557380675e-02 1.580507015693336792e-01 3.090260789961324361e-01 5.241861742080391462e-01 6.427240125632839307e-01 7.576824957469402433e-01 8.186432574811519647e-01 161 170
SVLPPEN 85 1.005032615122050943e-01 2.524631363913136806e-01 4.405074933483755784e-01 6.919596051005290072e-01 8.470084453468702534e-01 9.719357225486520147e-01 9.968496490134323151e-01 162 168
SVLPPENIL 86 6.708347734698177911e-02 1.686338464602248344e-01 2.952938278142765438e-01 4.677462075653163187e-01 5.836082087122936857e-01 7.172962450454948291e-01 7.884171337280106995e-01 162 170
SVLPPENILSA 87 5.045029170468708080e-02 1.270254896421464941e-01 2.242041862295463539e-01 3.614996462689429868e-01 4.679318150363739326e-01 6.326430224851222750e-01 7.350991246213900432e-01 162 172
LPPENIL 88 9.225596400084412618e-02 2.209116786763049012e-01 3.144258774229287123e-01 4.297657927757166374e-01 5.202444143054484327e-01 6.040083613425135667e-01 6.857760515782619359e-01 164 170
PPENILSA 89 6.168755425983041274e-02 1.480079255135070826e-01 2.132623387737376808e-01 3.007638493104187183e-01 3.871304875398373091e-01 5.289000258296772117e-01 6.488990668193507227e-01 165 172
ILSAYQGTPLPANIL 90 1.175532404995011972e-02 4.379666680528995770e-02 1.584813010212344220e-01 3.154414137300054488e-01 4.596218806304348536e-01 6.585430384329925557e-01 7.527900925893759032e-01 169 183
SAYQGTPLPAN 91 1.703118167507088054e-02 6.329653719572128634e-02 2.259586552571067330e-01 4.292941131245111563e-01 5.784781500658848774e-01 7.299522705794103672e-01 7.889944509437163411e-01 171 181
SAYQGTPLPANI 92 1.550140349288438822e-02 5.770680651091190244e-02 2.078831875845685018e-01 4.071602758004475020e-01 5.746057236635491172e-01 7.551376533086527898e-01 8.122304272438878314e-01 171 182
SAYQGTPLPANIL 93 1.399731054539119467e-02 5.212018828425935002e-02 1.880117992808054417e-01 3.700618320126880523e-01 5.276100295994770040e-01 7.153590061929666621e-01 7.897076342113289460e-01 171 183
SAYQGTPLPANILD 94 1.273379068971992531e-02 4.741783573236393878e-02 1.710989081529649958e-01 3.371340957150265605e-01 4.817714358585812318e-01 6.585365112556120781e-01 7.335948443334405766e-01 171 184
SAYQGTPLPANILDW 95 1.171018634727385120e-02 4.361642748609719650e-02 1.575883581828499969e-01 3.119903463064542248e-01 4.501663404408020597e-01 6.329242552701660474e-01 7.207156786800855697e-01 171 185
YQGTPLPAN 96 2.266124015734714489e-02 8.420742357482823015e-02 3.003397140172369695e-01 5.686576396943567868e-01 7.602541623957056460e-01 9.316819865466389183e-01 9.750846593218577274e-01 173 181
YQGTPLPANI 97 1.989008842563932955e-02 7.403335749734374360e-02 2.664739614725263883e-01 5.202907736248684190e-01 7.293073266884423367e-01 9.352446620603466210e-01 9.783751705109151597e-01 173 182
YQGTPLPANIL 98 1.746138662467847102e-02 6.500926584072407033e-02 2.343108793568278170e-01 4.597764066621165546e-01 6.512250087302404733e-01 8.630079770717771215e-01 9.294535863118382757e-01 173 183
YQGTPLPANILD 99 1.553218723671499941e-02 5.782982632657804323e-02 2.084952257476869741e-01 4.095631095594826632e-01 5.814650631435053230e-01 7.771528198284759492e-01 8.453439595610290347e-01 173 184
YQGTPLPANILDW 100 1.402402237108020186e-02 5.222693737163654204e-02 1.885429340240767915e-01 3.721477088847502945e-01 5.335695859136778685e-01 7.345564817886544029e-01 8.187140492542441805e-01 173 185
GTPLPANIL 101 1.610227040447733196e-02 5.945707435072513508e-02 2.078405444596645169e-01 4.065340067551327929e-01 5.970321705715908589e-01 8.205466893531596639e-01 9.059996595719251866e-01 175 183
PLPANIL 102 1.600335360973581533e-02 5.839791022692177730e-02 1.925159765682673829e-01 3.402681026231579864e-01 5.200411740287053108e-01 7.846560482789934898e-01 8.871995914863124444e-01 177 183
PLPANILD 103 1.335256003028104967e-02 4.873064355800312691e-02 1.607583132859828623e-01 2.848662076423669198e-01 4.372652280988584272e-01 6.689319672128389849e-01 7.680774838310195918e-01 177 184
PANILDW 104 1.249421843015287824e-02 4.532832387116349920e-02 1.445457489263708983e-01 2.304461497212292043e-01 3.309803152356420308e-01 5.615559286191206256e-01 6.979217502320008704e-01 179 185
ILDWQAL 105 1.312403034244087998e-03 5.209110535664973618e-03 2.500698432801131202e-02 8.665358837570118211e-02 1.891536478833354129e-01 3.681333417540606501e-01 5.008316204051270759e-01 182 188
ILDWQALN 106 1.246728478473565702e-02 4.471147641738886652e-02 1.369796895590321417e-01 2.169407898450050054e-01 3.049888407021977277e-01 4.584000072177662477e-01 5.721413889186803825e-01 182 189
ILDWQALNY 107 1.714736331958584270e-02 6.226977835636679504e-02 1.999595346744866831e-01 3.127426989153597181e-01 3.918646592751038882e-01 5.261000063155454320e-01 6.256237153038453069e-01 182 190
LDWQALN 108 1.446841991253285629e-02 5.185661844622261457e-02 1.582814203943811726e-01 2.470682818320303065e-01 3.383788503154261385e-01 4.752414780620955459e-01 5.696645375854104687e-01 183 189
DWQALNY 109 2.276997340095450809e-02 8.265388206552302941e-02 2.647561626623991526e-01 4.096515034436021829e-01 5.011471654547299259e-01 6.268562177484177100e-01 7.075867133263179509e-01 184 190
