Sequence  0.25 1 5 20 60 240 480  Start End
YMWDSVL 77 1.011332492307378227e-02 3.889592692733020302e-02 1.596182101887284877e-01 3.572713141093766254e-01 4.825348768254089094e-01 6.386316152352418118e-01 6.708425920227294448e-01 158 164
YMWDSVLPPEN 78 5.365199843859361217e-02 1.393839678841383156e-01 2.757099721664910685e-01 4.780065288461680106e-01 6.078214309109958302e-01 7.289735695878929445e-01 7.531319440168861012e-01 158 168
YMWDSVLPPENIL 79 4.297038055418191810e-02 1.117022276269200864e-01 2.215412770824086164e-01 3.862691055759125969e-01 4.976186918174247964e-01 6.247823136781505138e-01 6.768159758449423524e-01 158 170
YMWDSVLPPENILSA 80 3.590043959145209490e-02 9.345192622041864627e-02 1.864402744812331258e-01 3.290175817098976441e-01 4.348326821826231647e-01 5.837658205324595118e-01 6.598708294210401393e-01 158 172
WDSVLPPEN 81 7.153215262591738899e-02 1.858299096516949633e-01 3.675364001411806636e-01 6.370345774170340647e-01 8.095071765823119714e-01 9.682968244393640456e-01 9.968867552362071782e-01 160 168
WDSVLPPENIL 82 5.371009172357182893e-02 1.396162488882830011e-01 2.768689242924051164e-01 4.826057861864983534e-01 6.213323162975192826e-01 7.782269408393183152e-01 8.405530922164472507e-01 160 170
WDSVLPPENILSA 83 4.307822033441806309e-02 1.121330829482087010e-01 2.236821917289952000e-01 3.946366214251632587e-01 5.212463798397384274e-01 6.983182236322555969e-01 7.874714932334635487e-01 160 172
DSVLPPENIL 84 6.100377347557380675e-02 1.580507015693336792e-01 3.090260789961324361e-01 5.241861742080391462e-01 6.427240125632839307e-01 7.576824957469402433e-01 8.186432574811519647e-01 161 170
SVLPPEN 85 1.005032615122050943e-01 2.524631363913136806e-01 4.405074933483755784e-01 6.919596051005290072e-01 8.470084453468702534e-01 9.719357225486520147e-01 9.968496490134323151e-01 162 168
SVLPPENIL 86 6.708347734698177911e-02 1.686338464602248344e-01 2.952938278142765438e-01 4.677462075653163187e-01 5.836082087122936857e-01 7.172962450454948291e-01 7.884171337280106995e-01 162 170
SVLPPENILSA 87 5.045029170468708080e-02 1.270254896421464941e-01 2.242041862295463539e-01 3.614996462689429868e-01 4.679318150363739326e-01 6.326430224851222750e-01 7.350991246213900432e-01 162 172
LPPENIL 88 9.225596400084412618e-02 2.209116786763049012e-01 3.144258774229287123e-01 4.297657927757166374e-01 5.202444143054484327e-01 6.040083613425135667e-01 6.857760515782619359e-01 164 170
PPENILSA 89 6.168755425983041274e-02 1.480079255135070826e-01 2.132623387737376808e-01 3.007638493104187183e-01 3.871304875398373091e-01 5.289000258296772117e-01 6.488990668193507227e-01 165 172
ILSAYQGTPLPANIL 90 1.175532404995011972e-02 4.379666680528995770e-02 1.584813010212344220e-01 3.154414137300054488e-01 4.596218806304348536e-01 6.585430384329925557e-01 7.527900925893759032e-01 169 183
SAYQGTPLPAN 91 1.703118167507088054e-02 6.329653719572128634e-02 2.259586552571067330e-01 4.292941131245111563e-01 5.784781500658848774e-01 7.299522705794103672e-01 7.889944509437163411e-01 171 181
SAYQGTPLPANI 92 1.550140349288438822e-02 5.770680651091190244e-02 2.078831875845685018e-01 4.071602758004475020e-01 5.746057236635491172e-01 7.551376533086527898e-01 8.122304272438878314e-01 171 182
SAYQGTPLPANIL 93 1.399731054539119467e-02 5.212018828425935002e-02 1.880117992808054417e-01 3.700618320126880523e-01 5.276100295994770040e-01 7.153590061929666621e-01 7.897076342113289460e-01 171 183
SAYQGTPLPANILD 94 1.273379068971992531e-02 4.741783573236393878e-02 1.710989081529649958e-01 3.371340957150265605e-01 4.817714358585812318e-01 6.585365112556120781e-01 7.335948443334405766e-01 171 184
SAYQGTPLPANILDW 95 1.171018634727385120e-02 4.361642748609719650e-02 1.575883581828499969e-01 3.119903463064542248e-01 4.501663404408020597e-01 6.329242552701660474e-01 7.207156786800855697e-01 171 185
YQGTPLPAN 96 2.266124015734714489e-02 8.420742357482823015e-02 3.003397140172369695e-01 5.686576396943567868e-01 7.602541623957056460e-01 9.316819865466389183e-01 9.750846593218577274e-01 173 181
YQGTPLPANI 97 1.989008842563932955e-02 7.403335749734374360e-02 2.664739614725263883e-01 5.202907736248684190e-01 7.293073266884423367e-01 9.352446620603466210e-01 9.783751705109151597e-01 173 182
YQGTPLPANIL 98 1.746138662467847102e-02 6.500926584072407033e-02 2.343108793568278170e-01 4.597764066621165546e-01 6.512250087302404733e-01 8.630079770717771215e-01 9.294535863118382757e-01 173 183
YQGTPLPANILD 99 1.553218723671499941e-02 5.782982632657804323e-02 2.084952257476869741e-01 4.095631095594826632e-01 5.814650631435053230e-01 7.771528198284759492e-01 8.453439595610290347e-01 173 184
YQGTPLPANILDW 100 1.402402237108020186e-02 5.222693737163654204e-02 1.885429340240767915e-01 3.721477088847502945e-01 5.335695859136778685e-01 7.345564817886544029e-01 8.187140492542441805e-01 173 185
GTPLPANIL 101 1.610227040447733196e-02 5.945707435072513508e-02 2.078405444596645169e-01 4.065340067551327929e-01 5.970321705715908589e-01 8.205466893531596639e-01 9.059996595719251866e-01 175 183
PLPANIL 102 1.600335360973581533e-02 5.839791022692177730e-02 1.925159765682673829e-01 3.402681026231579864e-01 5.200411740287053108e-01 7.846560482789934898e-01 8.871995914863124444e-01 177 183
PLPANILD 103 1.335256003028104967e-02 4.873064355800312691e-02 1.607583132859828623e-01 2.848662076423669198e-01 4.372652280988584272e-01 6.689319672128389849e-01 7.680774838310195918e-01 177 184
PANILDW 104 1.249421843015287824e-02 4.532832387116349920e-02 1.445457489263708983e-01 2.304461497212292043e-01 3.309803152356420308e-01 5.615559286191206256e-01 6.979217502320008704e-01 179 185
ILDWQAL 105 1.312403034244087998e-03 5.209110535664973618e-03 2.500698432801131202e-02 8.665358837570118211e-02 1.891536478833354129e-01 3.681333417540606501e-01 5.008316204051270759e-01 182 188
ILDWQALN 106 1.246728478473565702e-02 4.471147641738886652e-02 1.369796895590321417e-01 2.169407898450050054e-01 3.049888407021977277e-01 4.584000072177662477e-01 5.721413889186803825e-01 182 189
ILDWQALNY 107 1.714736331958584270e-02 6.226977835636679504e-02 1.999595346744866831e-01 3.127426989153597181e-01 3.918646592751038882e-01 5.261000063155454320e-01 6.256237153038453069e-01 182 190
LDWQALN 108 1.446841991253285629e-02 5.185661844622261457e-02 1.582814203943811726e-01 2.470682818320303065e-01 3.383788503154261385e-01 4.752414780620955459e-01 5.696645375854104687e-01 183 189
DWQALNY 109 2.276997340095450809e-02 8.265388206552302941e-02 2.647561626623991526e-01 4.096515034436021829e-01 5.011471654547299259e-01 6.268562177484177100e-01 7.075867133263179509e-01 184 190
