Sequence  0.25 1 5 20 60 240 480  Start End
FVEAQPKIVL 55 8.383970106086297003e-04 3.345167229855172675e-03 1.650401445384228061e-02 6.284612434814229598e-02 1.664112920024318765e-01 4.187007499944271904e-01 5.390885622082715045e-01 124 133
FVEAQPKIVLGQEQ 56 6.305927757564074856e-04 2.516647688438085947e-03 1.243244160811431652e-02 4.757306094343504571e-02 1.276277168119083760e-01 3.402456916033813616e-01 4.687400584480030941e-01 124 137
FVEAQPKIVLGQEQD 57 5.949280804764448373e-04 2.374416307003259473e-03 1.173254180716719851e-02 4.493424408320524643e-02 1.208317006395144139e-01 3.254653139562119213e-01 4.537806480054654701e-01 124 138
FVEAQPKIVLGQEQDS 58 6.966049108161422075e-04 2.779758283271546206e-03 1.372331147284566732e-02 5.238527887460864285e-02 1.396469495323388321e-01 3.633779522687635710e-01 4.913201523915303737e-01 124 139
FVEAQPKIVLGQEQDSYGGKF 59 1.296303947904443692e-02 4.716116570800024665e-02 1.533710255792788413e-01 2.527534120113081872e-01 3.412019568705020878e-01 5.283526126306701265e-01 6.250589989987713757e-01 124 144
VEAQPKIVL 60 8.022998698172642464e-04 3.200595336321253054e-03 1.577646959267042792e-02 5.987716334001486757e-02 1.572571791396557284e-01 3.857489013587774296e-01 4.908077598921770646e-01 125 133
VEAQPKIVLGQE 61 6.120200757141370119e-04 2.442001908696556003e-03 1.204997660129978297e-02 4.591774747705675008e-02 1.219173029189666996e-01 3.144172294436397008e-01 4.252761381938027219e-01 125 136
VEAQPKIVLGQEQ 62 5.887305739026092288e-04 2.349327434242219886e-03 1.159931552866604910e-02 4.429526181056238354e-02 1.182765927000941214e-01 3.121440553451454991e-01 4.316205929959186505e-01 125 137
VEAQPKIVLGQEQD 63 5.535823375037995930e-04 2.209186792204146602e-03 1.091051791759402832e-02 4.170969347305283209e-02 1.116935021893185054e-01 2.984737825822315616e-01 4.185078538041765994e-01 125 138
VEAQPKIVLGQEQDS 64 6.662609042521386695e-04 2.658418883169926146e-03 1.311765631829185305e-02 4.998192714149897464e-02 1.326590162623752511e-01 3.413790493322086950e-01 4.616483042354225241e-01 125 139
VEAQPKIVLGQEQDSYGGKF 65 1.362259295031644987e-02 4.953916544263400890e-02 1.606918143069029081e-01 2.621492209338789348e-01 3.473526165832041546e-01 5.216297749743754597e-01 6.110592668086513024e-01 125 144
VEAQPKIVLGQEQDSYGGKFDRSQS 66 5.570133996923378600e-02 9.641651959846569975e-02 2.089053606675258523e-01 3.029451502982905553e-01 3.870670702922216488e-01 5.621783248743996708e-01 6.472564298245638836e-01 125 149
EAQPKIVL 67 8.649616557042475460e-04 3.449990160939275796e-03 1.699052493771454134e-02 6.426697453331954579e-02 1.672536821521542760e-01 3.940525448921460838e-01 4.794412025396339594e-01 126 133
EAQPKIVLGQEQDSYGGKF 68 1.439884376183533758e-02 5.235298538698817533e-02 1.696447364706968608e-01 2.755969223899784604e-01 3.620628786725300086e-01 5.325534652576583428e-01 6.141211587381346648e-01 126 144
AQPKIVL 69 6.899962736417686532e-04 2.751785366368442176e-03 1.354330465986470708e-02 5.111302103037549532e-02 1.323883332535669699e-01 3.104503363395665905e-01 3.823934620645793592e-01 127 133
PKIVLGQEQDSYGGKF 70 1.604136528494740435e-02 5.822763446336075982e-02 1.868286109466677225e-01 2.919266686986599635e-01 3.581690160080556740e-01 4.892681567544373555e-01 5.656613730495455572e-01 129 144
SYGGKFDRSQSF 71 1.156856401666729178e-01 1.984828118939298003e-01 4.214313679762600184e-01 5.748878106343021654e-01 6.541138617197219673e-01 7.781374255565153275e-01 8.196010223159906349e-01 139 150
GGKFDRSQSF 72 1.348915587871294119e-01 2.185583535827791135e-01 4.327474476648991430e-01 5.679425147722442224e-01 6.294176599893026580e-01 7.342337080941554461e-01 7.797747108867406629e-01 141 150
DRSQSFVGEIGDL 73 8.648416254780000312e-02 1.111170464126682994e-01 1.624715526084833384e-01 1.994180177903854545e-01 2.537503803829673221e-01 3.895297605127357454e-01 4.623930201809444696e-01 145 157
SFVGEIG 74 1.241478146191502820e-04 4.961912199733520268e-04 2.470330006064243907e-03 9.724394005996247689e-03 2.797281298589256518e-02 9.372289516836092294e-02 1.523306178664942945e-01 149 155
FVGEIGDL 75 4.084615319642453230e-04 1.630965786944168746e-03 8.078703208456097448e-03 3.121271009524438297e-02 8.566436077339138755e-02 2.428726132170881680e-01 3.423830493966173449e-01 150 157
