Sequence  0.25 1 5 20 60 240 480  Start End
FWINGTPLVKKGLRQGY 42 8.408707458624016876e-03 3.241307078734200625e-02 1.353113090246435279e-01 3.297913300021889649e-01 4.813007965886694217e-01 6.142006246628189947e-01 6.786031938070128389e-01 107 123
FWINGTPLVKKGLRQGYF 43 2.060666787412371997e-02 6.774193129150124504e-02 1.886955334057332234e-01 3.716793711053958393e-01 5.137194968018775620e-01 6.383130856213927729e-01 6.986904941940745850e-01 107 124
WINGTPLVKKGLRQGY 44 9.005815107418617751e-03 3.471423391655122093e-02 1.449061491180384798e-01 3.530672542540128078e-01 5.148409295379554607e-01 6.547767137661109071e-01 7.206361161216180422e-01 108 123
WINGTPLVKKGLRQGYF 45 2.197716570736532940e-02 7.224494091237379512e-02 2.012096657849744286e-01 3.961961031473119066e-01 5.471848675687583929e-01 6.777915995150368689e-01 7.392603750468434987e-01 108 124
INGTPLVKKGLRQGY 46 9.697529596814750269e-03 3.738039761142067374e-02 1.560319682699368160e-01 3.801430767635031738e-01 5.541947566693046223e-01 7.041517062061940502e-01 7.740975737205109120e-01 109 123
INGTPLVKKGLRQGYF 47 2.354599706180078925e-02 7.740142912873990144e-02 2.155624633308040328e-01 4.244185703985028923e-01 5.860379883357829112e-01 7.252837271914659434e-01 7.902334613119029738e-01 109 124
NGTPLVKKGLRQGY 48 1.038662872988061793e-02 4.002033651894389837e-02 1.666860929218582088e-01 4.028172261317148894e-01 5.761780785827846918e-01 7.006270095798239339e-01 7.606297534785362302e-01 110 123
NGTPLVKKGLRQGYF 49 2.524735529732205150e-02 8.291683669855512417e-02 2.299763087834135744e-01 4.487543616333906082e-01 6.087797648456473310e-01 7.236557011506067338e-01 7.790428493648027253e-01 110 124
GTPLVKKGLRQGYF 51 2.612050674949844067e-02 8.501139345092563471e-02 2.276912405338102074e-01 4.281594798670821933e-01 5.785217582361509292e-01 7.006270617157072111e-01 7.606297534785687597e-01 111 124
PLVKKGLRQGY 52 1.046505468750758006e-02 4.017469310571156887e-02 1.643464349032997818e-01 3.795847993420974342e-01 5.227065981725964594e-01 6.414104192597492871e-01 7.127600330931563866e-01 113 123
PLVKKGLRQGYF 53 2.802060190742682380e-02 9.085652453736414724e-02 2.393566589231887198e-01 4.359861800976794211e-01 5.660969074296331449e-01 6.740094720543174933e-01 7.388727573574148666e-01 113 124
LVKKGLRQGY 54 1.162258017787385148e-02 4.461751593310406966e-02 1.825020298852740863e-01 4.213410044641524577e-01 5.795302121658570949e-01 7.077430548701044710e-01 7.823044196141978324e-01 114 123
