Sequence  0.25 1 5 20 60 240 480  Start End
FSYNTQGRDNE 17 1.367661277479392257e-01 2.042824103380144474e-01 3.156381443241010887e-01 4.303863945767542054e-01 4.833146513285881407e-01 5.216465200918670719e-01 5.425347568711995638e-01 50 60
FSYNTQGRDNEL 18 1.243335639200743858e-01 1.857141641426322265e-01 2.869581767395538163e-01 3.913179816931448562e-01 4.395497151639423672e-01 4.749131794878124202e-01 4.945863329673649278e-01 50 61
FSYNTQGRDNELL 19 1.139725945917334365e-01 1.702386277888743304e-01 2.630482152521315675e-01 3.587210287690825172e-01 4.029592029138572840e-01 4.354914965036166818e-01 4.536793497039526279e-01 50 62
FSYNTQGRDNELLV 20 1.052058669932891405e-01 1.571449289658509718e-01 2.428216380194873347e-01 3.311587020651362012e-01 3.720570979741794071e-01 4.023704781346699733e-01 4.195357325079365207e-01 50 63
SYNTQGRDNEL 21 1.367593033217650300e-01 2.042551160765640472e-01 3.155017647920389523e-01 4.298422503974755893e-01 4.816931486234803939e-01 5.153528782382809093e-01 5.304389812006562455e-01 51 61
SYNTQGRDNELL 22 1.243268150179666631e-01 1.856871716966525254e-01 2.868232988009888351e-01 3.907797318708320367e-01 4.379450049452477400e-01 4.686710696418429634e-01 4.825538496193618188e-01 51 62
YNTQGRDNEL 23 1.519522132087052502e-01 2.269398562904461347e-01 3.505061625146737581e-01 4.773972271242252763e-01 5.345999266314225284e-01 5.701759053051943527e-01 5.845533504015579807e-01 52 61
NTQGRDNEL 24 1.709403453339559120e-01 2.552837618911304451e-01 3.942015951103794991e-01 5.366011957363956419e-01 6.000181735113729875e-01 6.359151955828195035e-01 6.468020093978443796e-01 53 61
LLVYKERVGE 25 2.450351564418633971e-02 8.000027097610962201e-02 1.916709603085592628e-01 2.725054798929505417e-01 3.332090315280715198e-01 4.078502723957430076e-01 4.461091249245989210e-01 61 70
LVYKERVGE 26 2.756621360221174488e-02 8.999933886093115787e-02 2.156250004858182856e-01 3.065493465540197748e-01 3.748022144487152540e-01 4.585999334855280218e-01 5.014099488143717309e-01 62 70
LVYKERVGEY 27 2.450386378959990008e-02 8.000166354314748596e-02 1.916779227539932018e-01 2.725333238291835491e-01 3.332925165919454757e-01 4.081833726247279248e-01 4.467730923221313044e-01 62 71
LVYKERVGEYS 28 2.205493374915362681e-02 7.200732241563354008e-02 1.725392532194687800e-01 2.453964315316020106e-01 3.003121785978299929e-01 3.687534025538138360e-01 4.048532418384496734e-01 62 72
LVYKERVGEYSL 29 2.005046540693304624e-02 6.546330471769608306e-02 1.568643786852269573e-01 2.231297062242744156e-01 2.731371367219497803e-01 3.357335791030305328e-01 3.690520425031913465e-01 62 73
VYKERVGE 30 3.150351042939092405e-02 1.028534525425540552e-01 2.464138989512557054e-01 3.502834272591967557e-01 4.281694109845253782e-01 5.234116014538449102e-01 5.716381806227470719e-01 63 70
VYKERVGEYSL 31 2.205499836643060041e-02 7.200758088050859818e-02 1.725405454309740239e-01 2.454015986849237829e-01 3.003276665243402865e-01 3.688151112426026335e-01 4.049760141379360467e-01 63 73
YKERVGE 32 3.675154528167304951e-02 1.199854939899754891e-01 2.874318851375821660e-01 4.084601041859836634e-01 4.989200446393713406e-01 6.082165328765898327e-01 6.620859789375336257e-01 64 70
YKERVGEY 33 3.150204813982049323e-02 1.028476035629615898e-01 2.463846588178408015e-01 3.501665381637708019e-01 4.278193145105735895e-01 5.220214404282665921e-01 5.688848734299155607e-01 64 71
YKERVGEYSL 34 2.450385359428976229e-02 8.000162277189562521e-02 1.916777191640492151e-01 2.725325134611958355e-01 3.332901173542170969e-01 4.081743443898501744e-01 4.467565278494813885e-01 64 73
