Sequence  0.25 1 5 20 60 240 480  Start End
YHSLM 87 6.882846211531570835e-02 1.888524897940493386e-01 3.108429249325371790e-01 4.567081203675892875e-01 6.652732794628755109e-01 8.370911371706442061e-01 8.954228799802332883e-01 282 286
YHSLMKRYPIVS 88 1.034846008301135711e-01 2.336153797360140116e-01 3.800215625538457820e-01 4.903158495384650761e-01 5.968824284469623764e-01 7.373329513565245463e-01 8.227283928118414025e-01 282 293
YHSLMKRYPIVSIEDPFAED 89 6.684442766494347321e-02 1.580775837589605826e-01 2.781130332198473720e-01 3.587737179386514264e-01 4.391366158243445450e-01 5.566045279100457766e-01 6.213379345189330438e-01 282 301
YHSLMKRYPIVSIEDPFAEDD 90 6.331023415122867537e-02 1.500095710908090352e-01 2.661420752562628778e-01 3.515069145043877574e-01 4.447317459125558203e-01 5.787468654430351078e-01 6.422630474100267106e-01 282 302
MKRYPIVSIEDPFAED 91 6.623395552636740513e-02 1.486083819020102281e-01 2.680422973082504656e-01 3.286400556528243921e-01 3.695561039355658717e-01 4.703009558298616999e-01 5.370041051462253190e-01 286 301
MKRYPIVSIEDPFAEDDW 92 5.858337930653968045e-02 1.334291757454093841e-01 2.533473852944028715e-01 3.459306549550016374e-01 4.209267730286059273e-01 5.379385466691829487e-01 5.986028888972574347e-01 286 303
KRYPIVSIEDPFAED 93 6.027328537283157400e-02 1.237194474773958136e-01 2.113447677703843564e-01 2.726939838135184480e-01 3.170191125968629953e-01 4.261593688156835591e-01 4.984211139084108733e-01 287 301
IEDPFAED 94 1.691626741894552977e-02 5.851974956677430395e-02 1.545788025388301068e-01 1.991770899564301034e-01 2.489507135090847090e-01 3.463030991920221791e-01 3.855545131416006632e-01 294 301
IEDPFAEDD 95 1.496093556167860973e-02 5.199597901898263957e-02 1.414440864440437984e-01 2.032905422657838579e-01 2.905076054952365205e-01 4.332835998079980766e-01 4.730452922011747496e-01 294 302
IEDPFAEDDW 96 1.490085903362402264e-02 5.258089610695669547e-02 1.553917162052209644e-01 2.639627050721110035e-01 3.754220656651550692e-01 5.041230461752093106e-01 5.389146306759419192e-01 294 303
IEDPFAEDDWEA 97 8.356706437978358992e-02 1.471462886128035163e-01 2.504382216704739150e-01 3.813854432741987099e-01 4.976953618120266709e-01 6.032983881960291006e-01 6.311317045407298654e-01 294 305
