Sequence  0.25 1 5 20 60 240 480  Start End
LLKVNQIGTL 115 2.968687317315177321e-02 8.880420976307377978e-02 1.836115006273774108e-01 2.895692956850012822e-01 3.946009161675269050e-01 5.444114201879192150e-01 6.214287033616551215e-01 343 352
LLKVNQIGTLSESIKAAQDSF 116 1.791135470806990565e-02 5.720730803661405739e-02 1.494773403103976661e-01 2.777220663317545579e-01 4.028390618025037284e-01 5.858935076136030373e-01 6.849095813145081868e-01 343 363
LKVNQIGTLSE 117 3.406286138771781602e-02 1.074319315797181290e-01 2.654875849828416401e-01 4.398565409010656291e-01 5.524723268019267053e-01 6.821862282965858171e-01 7.443236479603818623e-01 344 354
LKVNQIGTLSES 118 3.102930170323602369e-02 9.791738629157774321e-02 2.426053539473311538e-01 4.047789261028683083e-01 5.161945627774436884e-01 6.643817478169079527e-01 7.435806130452647933e-01 344 355
VNQIGTL 119 3.841250833658910180e-02 1.096898767242517475e-01 1.790498455221951613e-01 2.167509145747692489e-01 2.946720519546019434e-01 4.708283246487453000e-01 5.738743561955206296e-01 346 352
LKVNQIGTLSESIKAAQDSF 120 1.884961495294635789e-02 6.020045069781850000e-02 1.572557872723760186e-01 2.919847888447502093e-01 4.229855688316180307e-01 6.126331397618830499e-01 7.130826197704782654e-01 344 363
KVNQIGTLSESIKAAQDSF 121 1.956368177699902011e-02 6.222432196502084012e-02 1.596957713903361664e-01 2.869877137166759740e-01 4.040462555060320704e-01 5.912854065818418103e-01 6.971433018449108010e-01 345 363
LSESIKAAQDSF 122 8.276839600275648010e-03 3.135529753314702378e-02 1.215493909601415429e-01 2.680288786790981370e-01 4.095793627765754730e-01 6.198333973255263363e-01 7.368484814577519471e-01 352 363
SESIKAAQDSF 123 7.035988574167473079e-03 2.646989550009221093e-02 9.953753956382867252e-02 2.136154220044750862e-01 3.512000347159551228e-01 5.818167372509919222e-01 7.105333296035271085e-01 353 363
SIKAAQDSF 124 2.102545671298070018e-03 8.339664256399495490e-03 3.990013309431268695e-02 1.368928501148379828e-01 2.948232021561074112e-01 5.414788036862236975e-01 6.711478790176470532e-01 355 363
KAAQDSF 125 2.418102783306193878e-03 9.582420822430456550e-03 4.562079005056018932e-02 1.537246789120943757e-01 3.172844194363641512e-01 5.349555357329932592e-01 6.538238330885014493e-01 357 363
AAQDSF 126 2.732181277966328099e-03 1.082159858699871524e-02 5.138127571293629042e-02 1.713505642981066057e-01 3.439093465593399124e-01 5.305500524629875869e-01 6.238414206552165275e-01 358 363
