Sequence  0.25 1 5 20 60 240 480  Start End
FLISL 32 9.754307829345804093e-03 3.736526886566474137e-02 1.507298260808168089e-01 3.321775133430785454e-01 4.707634120960780266e-01 6.483902224599576991e-01 7.445421818922187684e-01 92 96
LISLDGTANKSKLGAN 33 1.816101948239209063e-01 2.361027139969812949e-01 3.418591357304318068e-01 5.086751269897993311e-01 6.707201019640774975e-01 8.024316410643647091e-01 8.214753978611982754e-01 93 108
LISLDGTANKSKLGANAIL 34 1.517225730463377387e-01 1.982609018896825670e-01 2.920589865369543903e-01 4.479168878667940112e-01 6.067759244532429097e-01 7.379368150114729019e-01 7.651959846208095106e-01 93 111
ISLDGTANKSKLGA 35 2.083042025467396752e-01 2.675593958721151910e-01 3.729485841429547310e-01 5.300750111137136900e-01 6.954443667568490639e-01 8.371711746493969430e-01 8.491628713277670215e-01 94 107
ISLDGTANKSKLGAN 36 1.945699754943875370e-01 2.529177020221308747e-01 3.660305303754651796e-01 5.440257221426096912e-01 7.157190792631659138e-01 8.488017918925414573e-01 8.599369519472098711e-01 94 108
ISLDGTANKSKLGANAIL 37 1.606372381998053822e-01 2.098825501393764281e-01 3.090354204097184865e-01 4.734551286324611419e-01 6.400724835518548650e-01 7.723301847492131111e-01 7.935596519127960935e-01 94 111
SLDGTANKSKLGA 38 2.228997905719913852e-01 2.793412780612734569e-01 3.631500561365837432e-01 4.965288238064238802e-01 6.700902126074145260e-01 8.236021058701807895e-01 8.365931106050809030e-01 95 107
SLDGTANKSKLGAN 39 2.069863469752081797e-01 2.626670014390474206e-01 3.564535773105466654e-01 5.141331423996419181e-01 6.938748379334046534e-01 8.371711604996606715e-01 8.491628713277644680e-01 95 108
SLDGTANKSKLGANAIL 40 1.686047439470607923e-01 2.151141589229489115e-01 2.976919516716129976e-01 4.447567454969155176e-01 6.175961252394669421e-01 7.581008212960393955e-01 7.806571301573457244e-01 95 111
DGTANKSKLGANAIL 41 1.918712428838443285e-01 2.425936879725504036e-01 3.246965412937996009e-01 4.557077266722094899e-01 5.993268407282722476e-01 7.242364385233956980e-01 7.493268849277837651e-01 97 111
