Sequence  0.25 1 5 20 60 240 480  Start End
FMIAPTGAKTF 62 2.116368027492475726e-03 8.386612583462417156e-03 3.992481336736580094e-02 1.344858724124041727e-01 2.774615578542576899e-01 4.651636519259376712e-01 5.424365085504252448e-01 169 179
FMIAPTGAKTFA 63 1.052441205442880036e-02 3.781939357467737489e-02 1.194486809776007102e-01 2.209634584383906863e-01 3.497154020285934695e-01 5.186472867333439263e-01 5.881928576953827648e-01 169 180
FMIAPTGAKTFAEA 64 1.052595521659075752e-02 3.832016345635638060e-02 1.284492637703842643e-01 2.523950587964851056e-01 3.746168295472189214e-01 5.169666798212879666e-01 5.763241513809336247e-01 169 182
FMIAPTGAKTFAEAL 65 9.717735676137437620e-03 3.537833569615089768e-02 1.185979322879972264e-01 2.330975114186665531e-01 3.461519840090453437e-01 4.785977208015804729e-01 5.347615450059017839e-01 169 183
MIAPTGAKT 66 1.756224459270784837e-03 6.962013381458250806e-03 3.321235783242144218e-02 1.129548575231302948e-01 2.409794421333332770e-01 4.505439593450936142e-01 5.449534926542241031e-01 170 178
MIAPTGAKTFA 67 1.168976201644173624e-02 4.200543267234462669e-02 1.326402012931190422e-01 2.451930826713265565e-01 3.876098500002848612e-01 5.724732578897326896e-01 6.460746723393695490e-01 170 180
MIAPTGAKTFAE 68 1.262572048850303316e-02 4.596249404525846322e-02 1.540306322273083395e-01 3.024405262624945689e-01 4.482426982265474424e-01 6.152259319657484848e-01 6.814672051054325719e-01 170 181
MIAPTGAKTFAEAL 69 1.052452511612285944e-02 3.831444352952412952e-02 1.284206768005023425e-01 2.522809006750581506e-01 3.742758684861848262e-01 5.156297353412250262e-01 5.737202965981018643e-01 170 183
IAPTGAKT 70 2.048523542633073902e-03 8.120728978207980564e-03 3.873965112781444647e-02 1.317482707653046814e-01 2.810455123440399050e-01 5.252462784377822658e-01 6.350032980183939468e-01 171 178
APTGAKT 71 2.457589594251907705e-03 9.742320158454931961e-03 4.647480860270296332e-02 1.580468388097545918e-01 3.371013956305390358e-01 6.296833613200077950e-01 7.607814857891288529e-01 172 178
PTGAKT 72 2.457589594251907705e-03 9.742320158454931961e-03 4.647480860270296332e-02 1.580468388097545918e-01 3.371013956305390358e-01 6.296833613200077950e-01 7.607814857891288529e-01 173 178
