Sequence  0.25 1 5 20 60 240 480  Start End
FKTAG 100 2.727736734839319444e-01 5.605691694158354554e-01 7.699011225868641617e-01 8.565367453702895650e-01 9.527579933167535930e-01 9.996812183451068146e-01 9.999995935130260305e-01 310 314
FKTAGIQ 101 2.164995968532817672e-01 4.791136235064523685e-01 7.183628151093430780e-01 8.499023745245816164e-01 9.626919776388797034e-01 9.997872322019319968e-01 9.999997290083189050e-01 310 316
FKTAGIQIVAD 102 1.299346299526691895e-01 2.876076254272836863e-01 4.317139857094168254e-01 5.127122760886587693e-01 5.858145347306328299e-01 6.307339276136377793e-01 6.570392157428611712e-01 310 320
FKTAGIQIVADD 103 1.193062738348037582e-01 2.661053058189593590e-01 4.134323470188142613e-01 5.251559842160872238e-01 6.195564204482884030e-01 6.643032590423806338e-01 6.882174688560790399e-01 310 321
FKTAGIQIVADDL 104 1.093882291527405320e-01 2.440264009182151750e-01 3.794612206499751728e-01 4.833026291890074599e-01 5.735253699286239071e-01 6.291818103905090220e-01 6.664258157287819007e-01 310 322
IQIVAD 105 2.846815177124151219e-03 1.115795912489261389e-02 5.018341726355816934e-02 1.401951622943288789e-01 2.094226748078627520e-01 2.617228805511900291e-01 3.140787566753013849e-01 315 320
IQIVADD 106 4.542798090295045547e-03 1.781198422669653600e-02 8.025550773842987651e-02 2.250948128270026105e-01 3.340147752773597323e-01 3.847684960142932487e-01 4.283989638941274603e-01 315 321
IQIVADDL 107 3.935218027402169819e-03 1.543290748145832898e-02 6.961598243190345037e-02 1.962120858361637021e-01 2.958960665537817003e-01 3.644938359008115802e-01 4.281587735276110585e-01 315 322
IVADDL 108 2.702065260555497339e-03 1.060636736901292634e-02 4.806904563546650355e-02 1.376443059927132118e-01 2.141190446770733780e-01 2.833273313780942937e-01 3.491289898930056146e-01 317 322
