Sequence  0.25 1 5 20 60 240 480  Start End
NVLNGGSHAGGA 52 3.561963801151702552e-02 1.074686458360013391e-01 2.565581791691626257e-01 4.483611614334321871e-01 5.563787148381739156e-01 6.190739978854561398e-01 6.640216926120930951e-01 152 163
NVLNGGSHAGGAL 53 3.267282806527532779e-02 9.859886497990877352e-02 2.356071436953865172e-01 4.126997884451334975e-01 5.150164114266532200e-01 5.857640207964464052e-01 6.412359056137065805e-01 152 164
NVLNGGSHAGGALA 54 3.025995825258005756e-02 9.141524956574771654e-02 2.194672941568582558e-01 3.885870429868988341e-01 4.961026315175862678e-01 5.956800765673390119e-01 6.625707096450360600e-01 152 165
NVLNGGSHAGGALAL 55 2.823396783617789993e-02 8.542579073584342930e-02 2.064515214098954499e-01 3.708927446749786250e-01 4.867999768053974941e-01 6.130096561918526588e-01 6.848050326301109436e-01 152 166
NVLNGGSHAGGALALQE 56 2.472222611026621969e-02 7.481756851443747969e-02 1.809946792297548734e-01 3.259234156813954897e-01 4.300782927885951623e-01 5.520618316008674142e-01 6.285138344521239429e-01 152 168
NVLNGGSHAGGALALQEF 57 2.326821030378665306e-02 7.041746621985224552e-02 1.703525889825192596e-01 3.067700702016291636e-01 4.048354124486959749e-01 5.198106593968168099e-01 5.919876929977087032e-01 152 169
GALALQEFMIAPTGAKTFAEAL 58 7.110906235566006109e-03 2.612792411161127260e-02 9.162134663505502874e-02 1.968561659112470497e-01 3.104371523951198752e-01 4.624364775797490945e-01 5.355726123619957146e-01 162 183
LALQE 59 8.704202452388953848e-04 3.473679118023570433e-03 1.715728583285977549e-02 6.559429739018157735e-02 1.752639368744209336e-01 4.509552640141306634e-01 5.903476209673756969e-01 164 168
LALQEF 60 6.971276762138378224e-04 2.782109195716531147e-03 1.374165767163761966e-02 5.253874641721878458e-02 1.404010149015985642e-01 3.615225920377056479e-01 4.737919827193134981e-01 164 169
ALQEF 61 5.450294702080971110e-04 2.174670345691909201e-03 1.072979716591729304e-02 4.086490864950270696e-02 1.082169504748025646e-01 2.732350535926196256e-01 3.625928888938947936e-01 165 169
