Sequence  0.25 1 5 20 60 240 480  Start End
AVSKVYARSVYDSRGNPTVE 1 1.199045036584307083e-02 4.161324471655906965e-02 1.262059994075368230e-01 2.606361513191967072e-01 3.739825884348241258e-01 4.628942395398041310e-01 5.152010404804340249e-01 1 20
AVSKVYARSVYDSRGNPTVEVE 2 1.079394373257705486e-02 3.746207330417547499e-02 1.136361499935980152e-01 2.347753169797311690e-01 3.371909067263864079e-01 4.189997259412384101e-01 4.683889074044365053e-01 1 22
SKVYA 3 5.094989126702087479e-03 1.997563097547630506e-02 9.007961313511339552e-02 2.574080634440349402e-01 4.233798490125728620e-01 5.905508064265792001e-01 6.684565706070735303e-01 3 7
SKVYARSVYDSRGNPTVEV 4 1.098028728120055073e-02 3.735509135713038775e-02 1.038650791490709074e-01 1.959279681106559923e-01 2.830497380589732104e-01 3.729654435377399158e-01 4.288321817494540333e-01 3 21
VELTTE 5 1.185059657136714878e-01 1.945497051541120181e-01 2.003379072766584557e-01 2.013502015970781156e-01 2.040391150724297498e-01 2.159519754547012393e-01 2.313703081373551795e-01 21 26
VELTTEKGVF 6 1.837386846803975293e-01 2.639570903079656028e-01 3.701934626331653821e-01 4.441108565835742983e-01 4.567480766997195074e-01 4.884210954072434330e-01 5.210040615924129703e-01 21 30
LTTEKGVF 7 2.362288084370490204e-01 3.393468301799500986e-01 4.758302060847504622e-01 5.704690167317635341e-01 5.856604496447911368e-01 6.217086323284587435e-01 6.575662441317371432e-01 23 30
TTEKGVF 8 2.755997220469117437e-01 3.959024173690940951e-01 5.551241515230955770e-01 6.655028349771083818e-01 6.831375063591383912e-01 7.247953014504266989e-01 7.660994401685061739e-01 24 30
TEKGVF 9 3.307127311940353254e-01 4.750551612367800436e-01 6.660103222660025413e-01 7.980493402533556102e-01 8.181074229870652914e-01 8.632059962783369400e-01 9.064370027289883058e-01 25 30
EKGVF 10 2.652795833888050847e-01 3.507163217502825558e-01 5.825129068287990819e-01 7.475616753166944850e-01 7.726342787338316143e-01 8.290074953479211750e-01 8.830462534112353268e-01 26 30
RSIVPSGASTGVHE 11 2.347370511948675686e-01 3.594744999551870990e-01 5.051755958288589587e-01 6.120288127074614559e-01 6.663464776122517419e-01 7.031785667340253454e-01 7.344353976344818458e-01 31 44
RSIVPSGASTGVHEAL 12 2.012142137289453792e-01 3.081650986793005309e-01 4.332279008713886825e-01 5.254734337774116248e-01 5.737569180629289445e-01 6.126331131678258712e-01 6.480970812562462102e-01 31 46
PSGASTGVHEAL 13 2.560597029601752173e-01 3.920856998756487299e-01 5.507596973329069723e-01 6.663121510576213158e-01 7.229206898715645480e-01 7.521712161238227612e-01 7.738602495011847049e-01 35 46
GASTGVHEAL 14 3.107324063281312054e-01 4.705589356159068926e-01 6.360130945838200489e-01 7.241605265987955953e-01 7.693819849336792638e-01 7.931737151112923101e-01 8.066815934683795319e-01 37 46
ASTGVHEAL 15 3.484389005929416916e-01 5.249000439095825588e-01 6.946692051135801016e-01 7.499340087371606511e-01 7.545546352602675588e-01 7.673400979426572288e-01 7.825167957467080715e-01 38 46
STGVHEAL 16 3.906256623342966305e-01 5.718599820322850524e-01 6.989901536872634713e-01 7.160219401175637044e-01 7.194913030759787498e-01 7.341029690773225314e-01 7.514477665676662088e-01 39 46
TGVHEAL 17 3.596704699439869368e-01 5.058717713697710172e-01 6.488218517474808600e-01 6.686922634704909330e-01 6.727398535886416342e-01 6.897867972568763051e-01 7.100223943289439843e-01 40 46
GVHEAL 18 4.104185107198315419e-01 5.348416279118884953e-01 5.998900607052508605e-01 6.024564640439977747e-01 6.072878243067967308e-01 6.277441567082515661e-01 6.520268731947328478e-01 41 46
VHEAL 19 3.103043926590637325e-01 4.188718772115661015e-01 4.998625758815644637e-01 5.030705800549972739e-01 5.091097803834959690e-01 5.346801958853144576e-01 5.650335914934160320e-01 42 46
EMRDGDKSKWMGKGVLHAVKNVND 20 8.606420753156977799e-02 1.660751192319612213e-01 2.928350039045919395e-01 3.977276212927841059e-01 5.098266716695859513e-01 6.905566058965756371e-01 7.674129549634064462e-01 47 70
HAVKNVNDVIA 21 1.462611236064470435e-03 5.812132849079132760e-03 2.807566662121286846e-02 9.947317176429612551e-02 2.277392991826203139e-01 4.553633234292572274e-01 5.793773894204471420e-01 63 73
HAVKNVNDVIAPAF 22 2.445117607198658231e-03 9.644498025463077440e-03 4.486730507849204241e-02 1.417763511646006613e-01 2.749279553206168125e-01 4.787796583695883013e-01 5.950385807566742624e-01 63 76
VKNVNDVIAPAF 23 2.606377761582723100e-03 1.026798185705094478e-02 4.746116093118083606e-02 1.466633667787980433e-01 2.727577076816323220e-01 4.610096684808168144e-01 5.802625868319398750e-01 65 76
VIAPAF 24 3.708550385939785032e-03 1.452205323400312942e-02 6.500690287367230646e-02 1.790182153958088385e-01 2.625158659729305843e-01 3.256157739739558576e-01 3.904088381871152480e-01 71 76
AFVKANIDVKDQKAVDDF 25 1.183718973905904248e-01 2.633344634875212087e-01 5.026846398551071404e-01 6.370892152085271265e-01 6.890701018295589675e-01 7.627484353531479577e-01 8.086795212352192452e-01 75 92
FVKANIDVKDQKAVDDFL 26 1.183952466493199546e-01 2.634277428493663753e-01 5.031479121379648367e-01 6.388962317239202937e-01 6.941403121718645597e-01 7.778191051611436091e-01 8.291809316815065278e-01 76 93
VKANIDVKDQKAVDD 27 1.435006802454029118e-01 3.188195857024790913e-01 6.057579793015286374e-01 7.560710276655491224e-01 7.911822150303334800e-01 8.157720771328923481e-01 8.368127966947043195e-01 77 91
VKANIDVKDQKAVDDF 28 1.340989241381968233e-01 2.982223253887602010e-01 5.685968217045659356e-01 7.176521566510987160e-01 7.683170118443621854e-01 8.218734558003039092e-01 8.471189680565274216e-01 77 92
VKANIDVKDQKAVDDFL 29 1.257564059215324492e-01 2.797379447641404893e-01 5.338282833737058031e-01 6.758176771002590844e-01 7.289231563084269672e-01 7.985016692799195015e-01 8.376248483319426175e-01 77 93
DVKDQKAVDDFL 30 4.490977733589530257e-02 1.493893388570048664e-01 3.783326466469910110e-01 5.319496059568352697e-01 6.057114845735654951e-01 7.069115189526102849e-01 7.638179612100983729e-01 82 93
QKAVDDFLISLDGTANKSKL 31 1.523899886010256222e-01 2.161892043963145882e-01 3.392610038474804801e-01 4.809474816747374426e-01 6.201109905591050131e-01 7.783906761045532585e-01 8.251703174279138020e-01 86 105
FLISL 32 9.754307829345804093e-03 3.736526886566474137e-02 1.507298260808168089e-01 3.321775133430785454e-01 4.707634120960780266e-01 6.483902224599576991e-01 7.445421818922187684e-01 92 96
LISLDGTANKSKLGAN 33 1.816101948239209063e-01 2.361027139969812949e-01 3.418591357304318068e-01 5.086751269897993311e-01 6.707201019640774975e-01 8.024316410643647091e-01 8.214753978611982754e-01 93 108
LISLDGTANKSKLGANAIL 34 1.517225730463377387e-01 1.982609018896825670e-01 2.920589865369543903e-01 4.479168878667940112e-01 6.067759244532429097e-01 7.379368150114729019e-01 7.651959846208095106e-01 93 111
ISLDGTANKSKLGA 35 2.083042025467396752e-01 2.675593958721151910e-01 3.729485841429547310e-01 5.300750111137136900e-01 6.954443667568490639e-01 8.371711746493969430e-01 8.491628713277670215e-01 94 107
ISLDGTANKSKLGAN 36 1.945699754943875370e-01 2.529177020221308747e-01 3.660305303754651796e-01 5.440257221426096912e-01 7.157190792631659138e-01 8.488017918925414573e-01 8.599369519472098711e-01 94 108
ISLDGTANKSKLGANAIL 37 1.606372381998053822e-01 2.098825501393764281e-01 3.090354204097184865e-01 4.734551286324611419e-01 6.400724835518548650e-01 7.723301847492131111e-01 7.935596519127960935e-01 94 111
SLDGTANKSKLGA 38 2.228997905719913852e-01 2.793412780612734569e-01 3.631500561365837432e-01 4.965288238064238802e-01 6.700902126074145260e-01 8.236021058701807895e-01 8.365931106050809030e-01 95 107
SLDGTANKSKLGAN 39 2.069863469752081797e-01 2.626670014390474206e-01 3.564535773105466654e-01 5.141331423996419181e-01 6.938748379334046534e-01 8.371711604996606715e-01 8.491628713277644680e-01 95 108
SLDGTANKSKLGANAIL 40 1.686047439470607923e-01 2.151141589229489115e-01 2.976919516716129976e-01 4.447567454969155176e-01 6.175961252394669421e-01 7.581008212960393955e-01 7.806571301573457244e-01 95 111
DGTANKSKLGANAIL 41 1.918712428838443285e-01 2.425936879725504036e-01 3.246965412937996009e-01 4.557077266722094899e-01 5.993268407282722476e-01 7.242364385233956980e-01 7.493268849277837651e-01 97 111
NAILGVSLAASRAAA 42 1.694336416192234167e-03 6.702289445073260528e-03 3.162796233216005198e-02 1.040840141630714477e-01 2.122618982706136748e-01 3.971880201516621023e-01 5.070083566260458197e-01 108 122
AILGVSL 43 4.488222212599886633e-04 1.793321260709690446e-03 8.914408015871011504e-03 3.489068717790450025e-02 9.888964033830892342e-02 3.124835058187998560e-01 4.780082421865847198e-01 109 115
GVSLAASRAAAAEKNVPLYKHLADL 44 6.771758522645134754e-03 2.547784077080474802e-02 9.728048126771469961e-02 2.226507687376197420e-01 3.535464741424594881e-01 5.546126385107836843e-01 6.655555395552397169e-01 112 136
AASRAAAAEKNVPLYKHLAD 45 8.540199229519793850e-03 3.210503428475488391e-02 1.220642995498447125e-01 2.757118259188227061e-01 4.266703364922193598e-01 6.272396305657673699e-01 7.228598682750383420e-01 116 135
AASRAAAAEKNVPLYKHLADL 46 8.117500386906617571e-03 3.052235518565233827e-02 1.161729871621649951e-01 2.633009918888531975e-01 4.102668464792360026e-01 6.145727954061809273e-01 7.176411038269808751e-01 116 136
ADLSKSKTSPYVLPVPFL 47 1.303778411181069907e-01 2.096152191781584240e-01 3.124717444489447660e-01 4.067051103674478307e-01 4.473755181181759411e-01 5.049388527782515679e-01 5.644803787498889891e-01 134 151
LSKSKTSPYVLPVPFL 48 1.520501653504696404e-01 2.443219706770749511e-01 3.634086438323686497e-01 4.699797151486188596e-01 5.088524243607059905e-01 5.437316716071053380e-01 5.823610589972688656e-01 136 151
SKSKTSPYVLPVPFL 49 1.645636973446563955e-01 2.614082615677240096e-01 3.735524750816300865e-01 4.502810776325348874e-01 4.669992757959740559e-01 5.022528140799816798e-01 5.443938825425480577e-01 137 151
SKSKTSPYVLPVPFLNV 50 1.396013149477394744e-01 2.226049982351647472e-01 3.229662861359778869e-01 4.060299033394536017e-01 4.546649888182162647e-01 5.406640502395245740e-01 5.973678438123505297e-01 137 153
SKSKTSPYVLPVPFLNVL 51 1.296443389374758726e-01 2.067628093903728648e-01 3.001876332482477094e-01 3.781821744447047551e-01 4.255964693567218515e-01 5.147306863074662120e-01 5.778168001034972301e-01 137 154
NVLNGGSHAGGA 52 3.561963801151702552e-02 1.074686458360013391e-01 2.565581791691626257e-01 4.483611614334321871e-01 5.563787148381739156e-01 6.190739978854561398e-01 6.640216926120930951e-01 152 163
NVLNGGSHAGGAL 53 3.267282806527532779e-02 9.859886497990877352e-02 2.356071436953865172e-01 4.126997884451334975e-01 5.150164114266532200e-01 5.857640207964464052e-01 6.412359056137065805e-01 152 164
NVLNGGSHAGGALA 54 3.025995825258005756e-02 9.141524956574771654e-02 2.194672941568582558e-01 3.885870429868988341e-01 4.961026315175862678e-01 5.956800765673390119e-01 6.625707096450360600e-01 152 165
NVLNGGSHAGGALAL 55 2.823396783617789993e-02 8.542579073584342930e-02 2.064515214098954499e-01 3.708927446749786250e-01 4.867999768053974941e-01 6.130096561918526588e-01 6.848050326301109436e-01 152 166
NVLNGGSHAGGALALQE 56 2.472222611026621969e-02 7.481756851443747969e-02 1.809946792297548734e-01 3.259234156813954897e-01 4.300782927885951623e-01 5.520618316008674142e-01 6.285138344521239429e-01 152 168
NVLNGGSHAGGALALQEF 57 2.326821030378665306e-02 7.041746621985224552e-02 1.703525889825192596e-01 3.067700702016291636e-01 4.048354124486959749e-01 5.198106593968168099e-01 5.919876929977087032e-01 152 169
GALALQEFMIAPTGAKTFAEAL 58 7.110906235566006109e-03 2.612792411161127260e-02 9.162134663505502874e-02 1.968561659112470497e-01 3.104371523951198752e-01 4.624364775797490945e-01 5.355726123619957146e-01 162 183
LALQE 59 8.704202452388953848e-04 3.473679118023570433e-03 1.715728583285977549e-02 6.559429739018157735e-02 1.752639368744209336e-01 4.509552640141306634e-01 5.903476209673756969e-01 164 168
LALQEF 60 6.971276762138378224e-04 2.782109195716531147e-03 1.374165767163761966e-02 5.253874641721878458e-02 1.404010149015985642e-01 3.615225920377056479e-01 4.737919827193134981e-01 164 169
ALQEF 61 5.450294702080971110e-04 2.174670345691909201e-03 1.072979716591729304e-02 4.086490864950270696e-02 1.082169504748025646e-01 2.732350535926196256e-01 3.625928888938947936e-01 165 169
FMIAPTGAKTF 62 2.116368027492475726e-03 8.386612583462417156e-03 3.992481336736580094e-02 1.344858724124041727e-01 2.774615578542576899e-01 4.651636519259376712e-01 5.424365085504252448e-01 169 179
FMIAPTGAKTFA 63 1.052441205442880036e-02 3.781939357467737489e-02 1.194486809776007102e-01 2.209634584383906863e-01 3.497154020285934695e-01 5.186472867333439263e-01 5.881928576953827648e-01 169 180
FMIAPTGAKTFAEA 64 1.052595521659075752e-02 3.832016345635638060e-02 1.284492637703842643e-01 2.523950587964851056e-01 3.746168295472189214e-01 5.169666798212879666e-01 5.763241513809336247e-01 169 182
FMIAPTGAKTFAEAL 65 9.717735676137437620e-03 3.537833569615089768e-02 1.185979322879972264e-01 2.330975114186665531e-01 3.461519840090453437e-01 4.785977208015804729e-01 5.347615450059017839e-01 169 183
MIAPTGAKT 66 1.756224459270784837e-03 6.962013381458250806e-03 3.321235783242144218e-02 1.129548575231302948e-01 2.409794421333332770e-01 4.505439593450936142e-01 5.449534926542241031e-01 170 178
MIAPTGAKTFA 67 1.168976201644173624e-02 4.200543267234462669e-02 1.326402012931190422e-01 2.451930826713265565e-01 3.876098500002848612e-01 5.724732578897326896e-01 6.460746723393695490e-01 170 180
MIAPTGAKTFAE 68 1.262572048850303316e-02 4.596249404525846322e-02 1.540306322273083395e-01 3.024405262624945689e-01 4.482426982265474424e-01 6.152259319657484848e-01 6.814672051054325719e-01 170 181
MIAPTGAKTFAEAL 69 1.052452511612285944e-02 3.831444352952412952e-02 1.284206768005023425e-01 2.522809006750581506e-01 3.742758684861848262e-01 5.156297353412250262e-01 5.737202965981018643e-01 170 183
IAPTGAKT 70 2.048523542633073902e-03 8.120728978207980564e-03 3.873965112781444647e-02 1.317482707653046814e-01 2.810455123440399050e-01 5.252462784377822658e-01 6.350032980183939468e-01 171 178
APTGAKT 71 2.457589594251907705e-03 9.742320158454931961e-03 4.647480860270296332e-02 1.580468388097545918e-01 3.371013956305390358e-01 6.296833613200077950e-01 7.607814857891288529e-01 172 178
PTGAKT 72 2.457589594251907705e-03 9.742320158454931961e-03 4.647480860270296332e-02 1.580468388097545918e-01 3.371013956305390358e-01 6.296833613200077950e-01 7.607814857891288529e-01 173 178
SLTKKRYGASAGNVGDEGGVAPNI 73 5.701074014864300488e-02 1.544285886532261176e-01 2.932831931708982376e-01 4.318865349755598992e-01 5.367034443042765224e-01 6.256882853547715007e-01 6.616002197427498510e-01 195 218
AEEAL 74 1.544636612858091285e-02 5.894968600297337269e-02 2.327294147739101260e-01 4.649099105605912774e-01 5.292817246986517565e-01 6.010877174688898927e-01 6.649101794057689085e-01 221 225
AEEALD 75 1.242292088870282710e-02 4.742293077454255712e-02 1.874959829967344782e-01 3.771262830186051240e-01 4.386186119798894945e-01 5.350621250603418977e-01 6.256282078829553672e-01 221 226
AEEALDL 76 1.073589617224518511e-02 4.104767193241923989e-02 1.637505568361055097e-01 3.423205710421550196e-01 4.362948150814326964e-01 5.942918359263357209e-01 6.860229552212643300e-01 221 227
EALDL 77 7.892313913174797690e-04 3.148448419181493207e-03 1.551927883039466716e-02 5.891022579985197294e-02 1.550051772722720878e-01 3.914377538943356050e-01 5.290344328318965506e-01 223 227
DLIVD 78 1.725250352680007815e-03 6.880375656278719942e-03 3.385909411857679352e-02 1.277110471537386549e-01 3.298647032538691848e-01 7.548682396128872929e-01 9.015159410618569513e-01 226 230
VDAIKAAGHDGKIKIG 79 1.063626549383427239e-01 1.834747626213204807e-01 3.040865399177448691e-01 3.985376412101432897e-01 4.538432574050507706e-01 5.531237776858669575e-01 6.180430474335053548e-01 229 244
VDAIKAAGHDGKIKIGL 80 9.971592107101442948e-02 1.720113181393614354e-01 2.850997698584913365e-01 3.737035600331038987e-01 4.257013515538999870e-01 5.194419571778347011e-01 5.811795596472025816e-01 229 245
DCASSEF 81 8.156062729953933443e-02 1.831350326889436830e-01 3.022276276733412148e-01 4.649125958238807255e-01 5.390553433083138390e-01 6.289071261710504901e-01 6.971517119659979000e-01 246 252
CASSEF 82 9.786801254454080556e-02 2.197430790411853130e-01 3.625783702530017694e-01 5.575162525977418460e-01 6.457319764883837632e-01 7.501892720062963704e-01 8.276847131368187949e-01 247 252
ASSEF 83 1.221108422331431687e-01 2.737833603801463900e-01 4.487774820010357324e-01 6.795820900865561232e-01 7.587392334058519205e-01 7.933989471021578588e-01 8.292640262479060720e-01 248 252
FKDGKYDLD 84 2.050953707741011156e-01 2.857786378586236742e-01 3.725419975575391951e-01 4.450649064915860320e-01 5.360940775154672266e-01 6.553483204668031359e-01 6.887070827792460825e-01 253 261
DFKNPNSDKSKWLTGPQLADL 85 1.723917743047545248e-01 2.943612088249586423e-01 4.827267595233918906e-01 6.211541055633902353e-01 6.954104087089835184e-01 7.707009180887098854e-01 8.229230352508065671e-01 261 281
FKNPNSDKSKWLTGPQLADL 86 1.818180036141237021e-01 3.088703672417132950e-01 4.983677773402637179e-01 6.209988003258015699e-01 6.806254132894280495e-01 7.572132095760151227e-01 8.125067432105361753e-01 262 281
YHSLM 87 6.882846211531570835e-02 1.888524897940493386e-01 3.108429249325371790e-01 4.567081203675892875e-01 6.652732794628755109e-01 8.370911371706442061e-01 8.954228799802332883e-01 282 286
YHSLMKRYPIVS 88 1.034846008301135711e-01 2.336153797360140116e-01 3.800215625538457820e-01 4.903158495384650761e-01 5.968824284469623764e-01 7.373329513565245463e-01 8.227283928118414025e-01 282 293
YHSLMKRYPIVSIEDPFAED 89 6.684442766494347321e-02 1.580775837589605826e-01 2.781130332198473720e-01 3.587737179386514264e-01 4.391366158243445450e-01 5.566045279100457766e-01 6.213379345189330438e-01 282 301
YHSLMKRYPIVSIEDPFAEDD 90 6.331023415122867537e-02 1.500095710908090352e-01 2.661420752562628778e-01 3.515069145043877574e-01 4.447317459125558203e-01 5.787468654430351078e-01 6.422630474100267106e-01 282 302
MKRYPIVSIEDPFAED 91 6.623395552636740513e-02 1.486083819020102281e-01 2.680422973082504656e-01 3.286400556528243921e-01 3.695561039355658717e-01 4.703009558298616999e-01 5.370041051462253190e-01 286 301
MKRYPIVSIEDPFAEDDW 92 5.858337930653968045e-02 1.334291757454093841e-01 2.533473852944028715e-01 3.459306549550016374e-01 4.209267730286059273e-01 5.379385466691829487e-01 5.986028888972574347e-01 286 303
KRYPIVSIEDPFAED 93 6.027328537283157400e-02 1.237194474773958136e-01 2.113447677703843564e-01 2.726939838135184480e-01 3.170191125968629953e-01 4.261593688156835591e-01 4.984211139084108733e-01 287 301
IEDPFAED 94 1.691626741894552977e-02 5.851974956677430395e-02 1.545788025388301068e-01 1.991770899564301034e-01 2.489507135090847090e-01 3.463030991920221791e-01 3.855545131416006632e-01 294 301
IEDPFAEDD 95 1.496093556167860973e-02 5.199597901898263957e-02 1.414440864440437984e-01 2.032905422657838579e-01 2.905076054952365205e-01 4.332835998079980766e-01 4.730452922011747496e-01 294 302
IEDPFAEDDW 96 1.490085903362402264e-02 5.258089610695669547e-02 1.553917162052209644e-01 2.639627050721110035e-01 3.754220656651550692e-01 5.041230461752093106e-01 5.389146306759419192e-01 294 303
IEDPFAEDDWEA 97 8.356706437978358992e-02 1.471462886128035163e-01 2.504382216704739150e-01 3.813854432741987099e-01 4.976953618120266709e-01 6.032983881960291006e-01 6.311317045407298654e-01 294 305
EAWSHF 98 4.565120211162387864e-02 1.395635293936404453e-01 2.916045373461043644e-01 4.676316403720209292e-01 6.153325402997854576e-01 7.259330198234289488e-01 8.122090306550105998e-01 304 309
AWSHF 99 5.330758906624097349e-02 1.597640332760756621e-01 2.991935499089694028e-01 4.090013524237512410e-01 5.257714021749749778e-01 6.574163966396320280e-01 7.652612883188225634e-01 305 309
FKTAG 100 2.727736734839319444e-01 5.605691694158354554e-01 7.699011225868641617e-01 8.565367453702895650e-01 9.527579933167535930e-01 9.996812183451068146e-01 9.999995935130260305e-01 310 314
FKTAGIQ 101 2.164995968532817672e-01 4.791136235064523685e-01 7.183628151093430780e-01 8.499023745245816164e-01 9.626919776388797034e-01 9.997872322019319968e-01 9.999997290083189050e-01 310 316
FKTAGIQIVAD 102 1.299346299526691895e-01 2.876076254272836863e-01 4.317139857094168254e-01 5.127122760886587693e-01 5.858145347306328299e-01 6.307339276136377793e-01 6.570392157428611712e-01 310 320
FKTAGIQIVADD 103 1.193062738348037582e-01 2.661053058189593590e-01 4.134323470188142613e-01 5.251559842160872238e-01 6.195564204482884030e-01 6.643032590423806338e-01 6.882174688560790399e-01 310 321
FKTAGIQIVADDL 104 1.093882291527405320e-01 2.440264009182151750e-01 3.794612206499751728e-01 4.833026291890074599e-01 5.735253699286239071e-01 6.291818103905090220e-01 6.664258157287819007e-01 310 322
IQIVAD 105 2.846815177124151219e-03 1.115795912489261389e-02 5.018341726355816934e-02 1.401951622943288789e-01 2.094226748078627520e-01 2.617228805511900291e-01 3.140787566753013849e-01 315 320
IQIVADD 106 4.542798090295045547e-03 1.781198422669653600e-02 8.025550773842987651e-02 2.250948128270026105e-01 3.340147752773597323e-01 3.847684960142932487e-01 4.283989638941274603e-01 315 321
IQIVADDL 107 3.935218027402169819e-03 1.543290748145832898e-02 6.961598243190345037e-02 1.962120858361637021e-01 2.958960665537817003e-01 3.644938359008115802e-01 4.281587735276110585e-01 315 322
IVADDL 108 2.702065260555497339e-03 1.060636736901292634e-02 4.806904563546650355e-02 1.376443059927132118e-01 2.141190446770733780e-01 2.833273313780942937e-01 3.491289898930056146e-01 317 322
DLTVTNPKRIATAIEKKAADALL 109 4.719312143487859601e-02 7.043592168188363145e-02 1.306239620442412042e-01 2.304764075780783850e-01 3.321674015869923724e-01 4.530611060388726186e-01 5.087580746790801856e-01 321 343
DLTVTNPKRIATAIEKKAADALLL 110 4.505181637217580554e-02 6.724963421787664986e-02 1.247631841346306669e-01 2.203061317147491927e-01 3.179804937080078497e-01 4.360056238005731166e-01 4.924337008596255671e-01 321 344
TVTNPKRIAT 111 1.187005281071284862e-01 1.645719608498689701e-01 2.511641137665353574e-01 3.459192052610874368e-01 4.790202067095845617e-01 6.990615208100309230e-01 7.618592231870555675e-01 323 332
TVTNPKRIATAIEKKAADALL 112 5.211818976431298323e-02 7.767982650507108955e-02 1.435248152579104985e-01 2.513850511296338297e-01 3.574175013229414222e-01 4.672765254550307334e-01 5.066014927296675907e-01 323 343
TNPKRIATAIEKKAADALL 113 5.811540933065963838e-02 8.628303859552204080e-02 1.577778249667683430e-01 2.710790437162661215e-01 3.742555599633519137e-01 4.668860634789218089e-01 5.013949827343421317e-01 325 343
TVTNPKRIATAIEKKAADALLL 114 4.951650077886819712e-02 7.381271505350403550e-02 1.364329168966554595e-01 2.391523155023939362e-01 3.405493976692609559e-01 4.478047240220933700e-01 4.887525106257381013e-01 323 344
LLKVNQIGTL 115 2.968687317315177321e-02 8.880420976307377978e-02 1.836115006273774108e-01 2.895692956850012822e-01 3.946009161675269050e-01 5.444114201879192150e-01 6.214287033616551215e-01 343 352
LLKVNQIGTLSESIKAAQDSF 116 1.791135470806990565e-02 5.720730803661405739e-02 1.494773403103976661e-01 2.777220663317545579e-01 4.028390618025037284e-01 5.858935076136030373e-01 6.849095813145081868e-01 343 363
LKVNQIGTLSE 117 3.406286138771781602e-02 1.074319315797181290e-01 2.654875849828416401e-01 4.398565409010656291e-01 5.524723268019267053e-01 6.821862282965858171e-01 7.443236479603818623e-01 344 354
LKVNQIGTLSES 118 3.102930170323602369e-02 9.791738629157774321e-02 2.426053539473311538e-01 4.047789261028683083e-01 5.161945627774436884e-01 6.643817478169079527e-01 7.435806130452647933e-01 344 355
VNQIGTL 119 3.841250833658910180e-02 1.096898767242517475e-01 1.790498455221951613e-01 2.167509145747692489e-01 2.946720519546019434e-01 4.708283246487453000e-01 5.738743561955206296e-01 346 352
LKVNQIGTLSESIKAAQDSF 120 1.884961495294635789e-02 6.020045069781850000e-02 1.572557872723760186e-01 2.919847888447502093e-01 4.229855688316180307e-01 6.126331397618830499e-01 7.130826197704782654e-01 344 363
KVNQIGTLSESIKAAQDSF 121 1.956368177699902011e-02 6.222432196502084012e-02 1.596957713903361664e-01 2.869877137166759740e-01 4.040462555060320704e-01 5.912854065818418103e-01 6.971433018449108010e-01 345 363
LSESIKAAQDSF 122 8.276839600275648010e-03 3.135529753314702378e-02 1.215493909601415429e-01 2.680288786790981370e-01 4.095793627765754730e-01 6.198333973255263363e-01 7.368484814577519471e-01 352 363
SESIKAAQDSF 123 7.035988574167473079e-03 2.646989550009221093e-02 9.953753956382867252e-02 2.136154220044750862e-01 3.512000347159551228e-01 5.818167372509919222e-01 7.105333296035271085e-01 353 363
SIKAAQDSF 124 2.102545671298070018e-03 8.339664256399495490e-03 3.990013309431268695e-02 1.368928501148379828e-01 2.948232021561074112e-01 5.414788036862236975e-01 6.711478790176470532e-01 355 363
KAAQDSF 125 2.418102783306193878e-03 9.582420822430456550e-03 4.562079005056018932e-02 1.537246789120943757e-01 3.172844194363641512e-01 5.349555357329932592e-01 6.538238330885014493e-01 357 363
AAQDSF 126 2.732181277966328099e-03 1.082159858699871524e-02 5.138127571293629042e-02 1.713505642981066057e-01 3.439093465593399124e-01 5.305500524629875869e-01 6.238414206552165275e-01 358 363
AAGWGVM 127 1.478185409585586196e-02 5.511218589265656081e-02 1.958591768573939296e-01 3.230726132539271656e-01 3.407204061084066482e-01 3.623039145252984206e-01 3.893240233320172106e-01 364 370
AGWGVM 128 1.104754716573015313e-02 4.068516669454351475e-02 1.363022331810911925e-01 2.008349694424002574e-01 2.089213075093359073e-01 2.347646974303592982e-01 2.671888279984205861e-01 365 370
VSHRSGETEDT 129 1.075085784644688458e-01 2.027348329405768701e-01 3.813465928797005189e-01 5.317559068387865961e-01 6.440832741611348666e-01 7.895754679728208547e-01 8.478217043334919101e-01 371 381
VSHRSGETEDTF 130 1.073128681304890003e-01 2.169751714976164980e-01 4.277790389928232684e-01 5.743112309330954401e-01 6.764393401462599487e-01 8.087049708843825346e-01 8.616560948486289284e-01 371 382
TFIAD 131 2.995050482488167964e-02 1.040108448183143797e-01 2.870018413887909237e-01 4.315326676160479713e-01 5.327074720777326133e-01 6.456767035267482191e-01 7.457364835512959589e-01 381 385
TFIADL 132 2.396410125516861347e-02 8.322346502558770898e-02 2.296754080305435930e-01 3.455217098201239234e-01 4.270513950144587123e-01 5.200595826505558517e-01 6.035637371455200295e-01 381 386
FIADL 133 3.616185371288133110e-03 1.418469201498151477e-02 6.406838500716693918e-02 1.819360193061088649e-01 2.838142437686956843e-01 4.000744783131949811e-01 5.044546714319000369e-01 382 386
IADLVVGLRTGQIKTGAPARSERL 134 5.202171017984177958e-04 2.075691490536238533e-03 1.024241443839038306e-02 3.904356386581522842e-02 1.040121448117028308e-01 2.783202157844933966e-01 3.950420199578484337e-01 383 406
LVVGL 135 3.201866274328557527e-04 1.279195461404453171e-03 6.354871330605554869e-03 2.481791600511140672e-02 6.996934348960218153e-02 2.180785553933442811e-01 3.346391031929062398e-01 386 390
LVVGLRTGQIKTGAPARSERL 136 5.629308073839750038e-04 2.245821998023098467e-03 1.107406217956586995e-02 4.210276550006158969e-02 1.114031267361163813e-01 2.906707941030888254e-01 4.038476712285271608e-01 386 406
LVVGLRTGQIKTGAPARSERLAKL 137 6.763568402282245894e-04 2.697912594480459010e-03 1.329213328101413495e-02 5.037624888658421424e-02 1.321765098631291491e-01 3.334025632544924123e-01 4.497919669317077540e-01 386 409
VVGLRTGQIKTGAPARSERL 138 5.877990033998852599e-04 2.344971367166320299e-03 1.156131333910423789e-02 4.393167601222335017e-02 1.160758029457619606e-01 3.009974761109827091e-01 4.152503205596974056e-01 387 406
VVGLRTGQIKTGAPARSERLAKL 139 7.030736764725405499e-04 2.804425891672618701e-03 1.381539956544932009e-02 5.233786186779536970e-02 1.371708696203021438e-01 3.442888511256111950e-01 4.617534899633384260e-01 387 409
VGLRTGQIKTGAPARSERL 140 5.633652879595470739e-04 2.247225296155514872e-03 1.107236812522951856e-02 4.197735930001941784e-02 1.103116874093356126e-01 2.823234553497634414e-01 3.894165720270099662e-01 388 406
VGLRTGQIKTGAPARSERLAKL 141 6.880687520018857967e-04 2.744314457538748944e-03 1.351250044497306381e-02 5.109700195520063687e-02 1.333261247480667655e-01 3.305805022293061834e-01 4.421199621807361813e-01 388 409
VGLRTGQIKTGAPARSERLAKLNQL 142 7.803376850985001539e-04 3.110751226643311464e-03 1.527616856058098063e-02 5.722699663902047068e-02 1.462227176629511405e-01 3.462466152743237102e-01 4.575950949686864999e-01 388 412
AKLNQL 143 1.636272206957300936e-03 6.517575922552731535e-03 3.186889911370567596e-02 1.175165412854095870e-01 2.886856372988213515e-01 5.996141166915193166e-01 7.199979910229999946e-01 407 412
LRIEEELGDN 144 1.722125913348559467e-01 2.845789794598143629e-01 4.278368520661137708e-01 5.400996677794126510e-01 6.177046655815012777e-01 7.423244003016276071e-01 8.167720148232615607e-01 413 422
LRIEEELGDNAVF 145 1.303164089756095045e-01 2.180022130172029060e-01 3.422151657079831044e-01 4.725706722623121969e-01 5.871139852290901961e-01 7.218087739191018093e-01 7.820227531278223232e-01 413 425
RIEEELGDN 146 1.937091977229135342e-01 3.200315248767378606e-01 4.807184710770875391e-01 6.052372858609513795e-01 6.879277272095429829e-01 8.094139526256127759e-01 8.727508515165770531e-01 414 422
RIEEELGDNAVF 147 1.421415606797198916e-01 2.377334490983644133e-01 3.728907353197703500e-01 5.138044858200584430e-01 6.354043318356287218e-01 7.687361186654069201e-01 8.195756105688299931e-01 414 425
ELGDNAVF 148 2.154545437441817979e-01 3.434274799202188810e-01 4.669935757816165989e-01 5.574705382388021047e-01 6.768942687979977446e-01 8.097332258578243680e-01 8.479389915878948747e-01 418 425
LGDNAVF 149 2.511619056822855800e-01 3.998599423154343691e-01 5.408373212000184838e-01 6.349918412734246731e-01 7.476709720859284758e-01 8.301309473857622079e-01 8.388874840207521943e-01 419 425
FAGENFHHGDKL 150 1.648971669679943630e-01 3.167230953440851038e-01 5.555245196122069462e-01 7.121601429455102217e-01 7.880839202704159607e-01 8.809114185589276280e-01 9.254282927344408272e-01 425 436
AGENFHHGDK 151 1.993917318447160636e-01 3.787497086100558019e-01 6.428917563729793505e-01 7.810675557881965325e-01 8.474316526375945680e-01 9.442802809027952549e-01 9.814864979702453418e-01 426 435
AGENFHHGDKL 152 1.813647425313449912e-01 3.483068697541443770e-01 6.106350791048331672e-01 7.816202690258891028e-01 8.617166005920419147e-01 9.498522519203147496e-01 9.833378481732207854e-01 426 436
GENFHHGDK 153 2.218281170539163349e-01 4.164362029285085809e-01 6.818735863046001544e-01 7.787343000715585273e-01 8.293646105194488749e-01 9.373153165358885097e-01 9.791723102165259540e-01 427 435
GENFHHGDKL 154 1.993051972380373571e-01 3.784234381643344358e-01 6.417015193475911206e-01 7.796076765263989516e-01 8.472442240375175349e-01 9.442802803738997719e-01 9.814864979702453418e-01 427 436
ENFHHGDKL 155 2.020058193769321275e-01 3.578782726763307109e-01 5.994117552497442158e-01 7.520586560137858534e-01 8.281497520422071990e-01 9.373153154206372850e-01 9.791723102165259540e-01 428 436
