Sequence  0.25 1 5 20 60 240 480  Start End
DKFLDD 52 1.977275408711086091e-01 2.362659386469934120e-01 3.520960134531930796e-01 5.598405228680956025e-01 6.923153694176986672e-01 8.299091875494408743e-01 8.899675093776473478e-01 79 84
LDDDITD 53 4.146247771795221193e-01 5.831323481234739203e-01 7.779431832261781699e-01 9.463630997811766088e-01 9.978553573011897937e-01 9.999999964489999504e-01 1.000000000000000000e+00 82 88
LDDDITDD 54 3.556654485947794986e-01 5.009157354721404110e-01 6.721662506278388571e-01 8.314238087833699664e-01 9.078621792231317267e-01 9.771946558709230235e-01 9.963594149258618859e-01 82 89
LDDDITDDI 55 3.112181674192118219e-01 4.383448624307993979e-01 5.883632867815564715e-01 7.283648279247834090e-01 7.969683108711641539e-01 8.650836428244430554e-01 8.910849831581906244e-01 82 90
DITDD 56 1.559113381915926688e-01 3.485574779165719894e-01 5.640874396621471387e-01 7.280661884941501683e-01 8.389553840695284093e-01 9.600906477742108258e-01 9.936289761202582449e-01 85 89
DITDDIM 57 1.042287776607594557e-01 2.335204994393262068e-01 3.817314130438082542e-01 5.070461388106280998e-01 6.170242232163269946e-01 7.856379255803077610e-01 8.476494037130479775e-01 85 91
DITDDIMC 58 8.978287259514118601e-02 2.019278497415037954e-01 3.358194863540978070e-01 4.660975941487987551e-01 6.040477970812222486e-01 8.090612591272364762e-01 8.690509127608437856e-01 85 92
ITDDIM 59 1.214281221504837915e-01 2.660330182787518649e-01 3.965002811788557180e-01 4.543474570155243697e-01 5.428453827548767041e-01 7.427655149574927673e-01 8.171792844556575730e-01 86 91
DIMCAKKILDIKGIDY 60 2.550150270740072361e-02 8.057741451775767005e-02 1.901997680830438131e-01 3.151448143860047235e-01 4.592879166915507239e-01 6.505352984557736251e-01 7.174319325143847514e-01 89 104
IMCAKKILDIKGIDY 61 2.731681010148375235e-02 8.630803333035373670e-02 2.036609986705769371e-01 3.371585895625281992e-01 4.906148227118478644e-01 6.912659232383943086e-01 7.576653590665198834e-01 90 104
CAKKILDIKGID 62 2.498410094921648880e-02 7.610803313395402003e-02 1.702437939577395032e-01 3.069930120897954029e-01 4.560732460988793924e-01 6.304512049129811224e-01 6.956944093518996342e-01 92 103
CAKKILDIKGIDY 63 3.147398210094943388e-02 9.911634843684387353e-02 2.298841562846300757e-01 3.647294842270900617e-01 5.014004755902349286e-01 6.612469378368993622e-01 7.210532085725747109e-01 92 104
CAKKILDIKGIDYW 64 3.125209979229375684e-02 9.991868246360345596e-02 2.460600307184939439e-01 4.060406602262004450e-01 5.396813854534281418e-01 6.873048656955373925e-01 7.425106540669920152e-01 92 105
AKKILDIKGIDY 65 3.432173911782716164e-02 1.080728812870465627e-01 2.505128156400950323e-01 3.968119071774490192e-01 5.437958997480953904e-01 7.092691483294876198e-01 7.640293596003835397e-01 93 104
KKILDIKGIDY 66 3.773278888637506684e-02 1.187956996128073650e-01 2.751424611016961008e-01 4.348171901544551909e-01 5.932315557967171582e-01 7.618391370449167921e-01 8.070882106902231845e-01 94 104
DIKGID 67 5.419446720512037519e-02 1.643627721651735318e-01 3.593547754127311977e-01 6.174230728044374228e-01 8.489100505761595361e-01 9.891038032471666241e-01 9.994215315925348841e-01 98 103
DIKGIDY 68 6.230583513260229411e-02 1.956702795990833132e-01 4.471170031573470371e-01 6.811576736265863019e-01 8.740917088126570755e-01 9.909198360393055571e-01 9.995179429937790516e-01 98 104
DIKGIDYW 69 5.748921755486276902e-02 1.833669097684597626e-01 4.461246489812775162e-01 7.126744019964347254e-01 8.919432223839557361e-01 9.922170023192895538e-01 9.995868082803820442e-01 98 105
IKGIDY 70 7.415899309995528654e-02 2.323833670732176060e-01 5.247250900119908579e-01 7.741534947935539979e-01 9.452222717146760989e-01 9.998594271461730409e-01 9.999999488198192399e-01 99 104
KGIDY 71 9.058174441424854395e-02 2.821181752989010416e-01 6.168055044432961820e-01 8.443051384035225038e-01 9.640034750960436716e-01 9.998954725577311464e-01 9.999999562960554256e-01 100 104
KGIDYW 72 7.818329794908396302e-02 2.476038783960645140e-01 5.814785083396090126e-01 8.557990651659231895e-01 9.710132408391844994e-01 9.999163780460236239e-01 9.999999650368444071e-01 100 105
WLAHKAL 73 1.865072653719166418e-01 4.868086671794363274e-01 7.042392445235968745e-01 7.986067671455440165e-01 9.225673471480048127e-01 9.981595514000144442e-01 9.999811812405853262e-01 105 111
YWLAHKALCT 74 1.305181121816933743e-01 3.483142502292252973e-01 5.670356034401868861e-01 7.462573815908538633e-01 8.811526872165585944e-01 9.842055220711044550e-01 9.980775424571812771e-01 104 113
WLAHKALCT 75 1.432591871933518446e-01 3.781601951597886591e-01 5.828937383796025662e-01 7.268177077627699934e-01 8.664152351421601228e-01 9.822312123300934728e-01 9.978372352643289922e-01 105 113
WLAHKALCTEKLEQ 76 4.020024138168905581e-01 6.133253280023419629e-01 7.433192060503768239e-01 8.318878201617045942e-01 9.177939908567138705e-01 9.890653614339037780e-01 9.986690678549716704e-01 105 118
EKLEQ 77 8.217941131954591416e-01 9.874478766270107233e-01 9.999999429045247634e-01 1.000000000000000000e+00 1.000000000000000000e+00 1.000000000000000000e+00 1.000000000000000000e+00 114 118
WLCEKL 78 6.646294968824795202e-01 7.683017655869568419e-01 8.127852082915950627e-01 8.465403791184107352e-01 9.096512035720312195e-01 9.916708727125058687e-01 9.996531281931435586e-01 119 124
LCEKL 79 8.299604902738428880e-01 9.570880373053671786e-01 9.999627513216050589e-01 9.999999999999998890e-01 1.000000000000000000e+00 1.000000000000000000e+00 1.000000000000000000e+00 120 124
