Sequence  0.25 1 5 20 60 240 480  Start End
KQFTKCEL 1 1.975549598374909677e-01 3.750067910978642227e-01 5.736997152295717495e-01 7.098173128566537260e-01 7.529889084877244843e-01 8.223858250866863395e-01 8.613937136947263928e-01 2 9
FTKCEL 2 2.396514047790877233e-01 4.129631348170573757e-01 6.018032365619860879e-01 7.750257454630608001e-01 8.031207131283212286e-01 8.128453175612454507e-01 8.248656242063999722e-01 4 9
KQFTKCELSQL 3 1.417487311617337542e-01 2.759881866527970073e-01 4.605196349871980566e-01 6.495493303036765642e-01 7.414201232574212375e-01 8.339685787733566169e-01 8.855858582901456888e-01 2 12
TKCEL 4 2.922485111052632312e-01 4.882005467881768146e-01 6.402835273406985994e-01 7.420131549360440282e-01 7.541014873735216728e-01 7.660566469516605359e-01 7.810820302580000485e-01 5 9
ELSQL 5 8.667934547519851041e-03 3.377772047460234073e-02 1.476700859844953806e-01 3.830721666828661442e-01 5.399343512554639624e-01 6.618028999833510673e-01 7.376076770175928887e-01 8 12
ELSQLL 6 7.014271302577390968e-03 2.734167945521170928e-02 1.197284882018663649e-01 3.127517400175098272e-01 4.502415165696874166e-01 5.931765591499519319e-01 6.972443537320113238e-01 8 13
LKDIDG 7 2.026441289985204952e-01 2.258454608075835812e-01 3.196605624928499645e-01 5.686344980315496400e-01 8.485358706768784121e-01 9.959541044730289006e-01 9.999394971414303779e-01 13 18
SQLLKDIDGYGGIAL 8 2.152986148743079864e-01 2.479360985219317137e-01 3.651295119296474878e-01 6.355440111840469086e-01 8.595903586580860845e-01 9.498383063269983939e-01 9.668205757677406087e-01 10 24
LLKDIDGYGGIAL 9 2.483740574144793489e-01 2.783257309567140347e-01 3.783809649329654690e-01 6.200948524892141434e-01 8.406160193247833590e-01 9.414784324265029758e-01 9.612906717310308879e-01 12 24
KDIDGYGGI 10 3.687532680357937798e-01 4.025009446988145334e-01 4.986698662660818404e-01 7.232101326081225023e-01 9.155298753253959809e-01 9.975103126124359454e-01 9.999621980825164069e-01 14 22
LKDIDGYGGIAL 11 2.709171882409949217e-01 3.034828414639016980e-01 4.120554074658396848e-01 6.736061996831350651e-01 9.087201867337107997e-01 9.980972721183345442e-01 9.999724545620624072e-01 13 24
KDIDGYGGIAL 12 2.971723966120392579e-01 3.305268351328168874e-01 4.377958441399932288e-01 6.920342598861392025e-01 9.129099986401184585e-01 9.979384571826604988e-01 9.999697099142335066e-01 14 24
DIDGYGGIAL 13 2.212546201594633999e-01 2.561409442149025772e-01 3.753287157111035999e-01 6.578158443179324966e-01 9.032333318223538798e-01 9.977093968696227888e-01 9.999663443491484394e-01 15 24
LKDIDGYGGIALPEL 14 2.292826048083136392e-01 2.569729799014100480e-01 3.495578549877845775e-01 5.735058315213789060e-01 7.791183754059086697e-01 8.792484507135289729e-01 9.031890023243595023e-01 13 27
IDGYGGIAL 15 2.471524603363781658e-01 2.812697382748249320e-01 3.913936329260670477e-01 6.552709348473757522e-01 8.953039740710390104e-01 9.974232257710343719e-01 9.999621373929823420e-01 16 24
DGYGGIAL 16 2.815847514152390318e-01 3.179823564333194574e-01 4.307852066372181432e-01 6.934002033424134792e-01 9.130345221422572211e-01 9.974466775111553440e-01 9.999578016966089722e-01 17 24
YGGIAL 17 3.896891477843519302e-01 4.274809364655837163e-01 5.247473549938258541e-01 7.584837962944857015e-01 9.529548248553180168e-01 9.998598977237092011e-01 9.999999028951069846e-01 19 24
IALPEL 18 5.570653422793808707e-03 2.189956908826634630e-02 1.000605359970601904e-01 2.951422878149634332e-01 4.843694525010026064e-01 6.126154842253279664e-01 6.854398861290473821e-01 22 27
ICTMF 19 1.270650646975346465e-04 5.079789746838536679e-04 2.532414178902792079e-03 1.001864894918078064e-02 2.919504101112649352e-02 1.030553326779009293e-01 1.769654030703534664e-01 28 32
PELICTMFHTSG 20 3.901598146156935037e-02 1.112318734475249982e-01 2.222570943772447238e-01 3.037166460762488751e-01 3.596097741210439458e-01 4.454272364712157373e-01 5.034001085805172027e-01 25 36
PELICTMFHTSGYDTQA 21 2.860343344031059803e-02 8.336584310827148403e-02 1.820881970281476303e-01 2.807619503102574132e-01 3.558473120496591369e-01 4.765888119689430380e-01 5.445378128242928106e-01 25 41
ICTMFHTSGYDTQA 22 3.515555777647608182e-02 1.024095732695244759e-01 2.231393164253266947e-01 3.417276510103394727e-01 4.268855074495178092e-01 5.484095820003681565e-01 6.063839346529499297e-01 28 41
TMFHTSGYDTQA 23 4.154259995770812064e-02 1.210099868379694715e-01 2.636125787054797720e-01 4.034701863074694472e-01 5.033343558175091825e-01 6.434999620537245058e-01 7.075162634898264358e-01 30 41
MFHTSGYDTQA 24 4.565378872611491889e-02 1.329388118881903447e-01 2.891159276846755888e-01 4.404294778034583691e-01 5.438450228580189449e-01 6.739782937720630862e-01 7.219974574159631064e-01 31 41
FHTSGYDTQA 25 5.072377675948876868e-02 1.476991707338980442e-01 3.211868285348484231e-01 4.891538741486322617e-01 6.036368258665806286e-01 7.463448039214648499e-01 7.972366153563261726e-01 32 41
HTSGYDTQA 26 5.309290659890003594e-02 1.510173258858464318e-01 3.018703006245344045e-01 4.347423332562098119e-01 5.541453402910331283e-01 7.146379044116522028e-01 7.718911922758668887e-01 33 41
YDTQA 27 6.853587908539349183e-03 2.651263257003666496e-02 1.118753535727897430e-01 2.674026615058954781e-01 3.780588136759179818e-01 5.213323738556877585e-01 5.761304500146979812e-01 37 41
AIVENNE 28 3.689564011376296193e-01 4.556082733144244945e-01 6.637835004604332179e-01 8.019968855659884710e-01 8.514177780879285118e-01 8.998736014055358501e-01 9.398482288706607735e-01 41 47
IVENN 29 2.987972333893820220e-01 4.153463149574521118e-01 6.674902860599787324e-01 7.587684094868489826e-01 7.799025037134139637e-01 8.498104059080584527e-01 9.097723433059912157e-01 42 46
IVENNE 30 4.390322028358384365e-01 5.322770519659616451e-01 7.339922288479829859e-01 8.070147275894792305e-01 8.239220029707311488e-01 8.798483247264468066e-01 9.278178746447929282e-01 42 47
IVENNES 31 3.746563691125110451e-01 4.760602892041152501e-01 7.219771574433012651e-01 8.370011286833887176e-01 8.532679639630003088e-01 8.998736039387056351e-01 9.398482288706607735e-01 42 48
AIVENNESTE 32 2.518740512009831622e-01 3.255587602676576764e-01 5.168442403000277352e-01 6.474026750135783992e-01 6.877235291518319915e-01 7.431786443516146257e-01 7.934242761832117630e-01 41 50
IVENNESTE 33 2.810361335202828936e-01 3.572205577940226195e-01 5.423572880221955161e-01 6.312145499592087816e-01 6.500768885865715330e-01 7.110759767954437649e-01 7.676023107061131778e-01 42 50
QAIVENNESTEYGL 34 1.745930159611025767e-01 2.262582446499956934e-01 3.620862651865255355e-01 4.640782556461887087e-01 5.157310963735333154e-01 5.977352387108680887e-01 6.483806041508587414e-01 40 53
AIVENNESTEYGL 35 1.889205529429107688e-01 2.442291126686046143e-01 3.879329743449459467e-01 4.867449375193790839e-01 5.193221221790569331e-01 5.706585992925786721e-01 6.195775097200503234e-01 41 53
ENNESTE 36 3.523543665470243447e-01 4.031722661047288381e-01 5.641765046716917809e-01 6.680253649857146314e-01 6.801674700678677077e-01 7.148943651218860884e-01 7.502881854041567600e-01 44 50
IVENNESTEYGL 37 2.044062947880312953e-01 2.598622701787743350e-01 3.947687121469696248e-01 4.603665067985467929e-01 4.766335284067970690e-01 5.316275642463602624e-01 5.849936469673275852e-01 42 53
IVENNESTEYGLF 38 1.893636700176925258e-01 2.458910533392449915e-01 3.938297156405212163e-01 4.932981138600447402e-01 5.199962069880886828e-01 5.706586005522836791e-01 6.195775097200503234e-01 42 54
NNESTEYGL 39 2.566600386388518951e-01 2.746374640170885506e-01 3.340618361720939511e-01 3.786197421045773281e-01 3.904198497026389880e-01 4.310826978847161484e-01 4.744800929270798218e-01 45 53
NNESTEYGLF 40 2.307972340727534877e-01 2.543674866934589329e-01 3.395550492718155677e-01 4.316115253747934144e-01 4.578160521114898462e-01 4.942957314439078709e-01 5.328711937129598786e-01 45 54
ESTEYGL 41 8.884704748191899273e-03 3.284995202278478965e-02 1.120824482294585783e-01 1.714929894727697801e-01 1.872264662701853266e-01 2.414435971796215219e-01 2.993067905694397624e-01 47 53
ESTEYGLF 42 1.102900371901679652e-02 4.132962574873298711e-02 1.508564919209056943e-01 2.692148183390201122e-01 3.029063527147726198e-01 3.498087975707386832e-01 3.994058204880912011e-01 47 54
STEYGL 43 1.062055986554844011e-04 4.246473483651369779e-04 2.118577791371878578e-03 8.404960536736404836e-03 2.467220573935315769e-02 8.973231661554585681e-02 1.591681486833277093e-01 48 53
STEYGLF 44 4.070970922873932800e-03 1.572181747437463931e-02 6.568227383774132011e-02 1.495950990367007072e-01 1.867244500131770568e-01 2.414435971658618063e-01 2.993067905694397624e-01 48 54
TEYGL 45 4.822365136009088005e-05 1.928472602444331052e-04 9.629751716162815445e-04 3.833067984310017939e-03 1.135047296429733676e-02 4.285812728629187496e-02 7.955963874625521237e-02 49 53
TEYGLF 46 4.817538429881307316e-03 1.859581142907997670e-02 7.747053095121073096e-02 1.741756126947524574e-01 2.084775126478971841e-01 2.342865018125217524e-01 2.636477109970041810e-01 49 54
YGLFQ 47 6.083572179158364124e-03 2.349125876542113023e-02 9.806791824300370441e-02 2.225980356405008187e-01 2.749146011076764595e-01 3.448237179872419844e-01 4.212268586653490354e-01 51 55
YGLFQISNKL 48 5.554049569541826166e-03 2.158690800157649081e-02 9.319855848734477644e-02 2.348204759754483617e-01 3.269336211510568413e-01 3.875137475496260309e-01 4.331498210053946751e-01 51 60
FQISNKL 49 4.318896294878878279e-03 1.689360150791001033e-02 7.528780267628726319e-02 2.072792668593718413e-01 3.172533329499109822e-01 3.883590356967027701e-01 4.346475302032398180e-01 54 60
QISNKL 50 5.130431481848596147e-03 2.006342739050077581e-02 8.930307068281764793e-02 2.445984282434064405e-01 3.685488371857610912e-01 4.216657711995331903e-01 4.426881908774310537e-01 55 60
ISNKL 51 6.409945312779108395e-03 2.506690830975141782e-02 1.115669648378901924e-01 3.055006331065381886e-01 4.599445741409239341e-01 5.241294933137953249e-01 5.474896714633357142e-01 56 60
